469518 0
469392 11535.5
468952 23100.8
468243 34778.9
467219 46522
465880 58409.5
464225 70382.2
462268 82258
459983 94177.4
457390 106090
454471 117953
451246 129746
447733 141381
443950 152832
439874 164157
435567 175247
431022 186130
426211 196882
421137 207502
415834 217948
410198 228342
404370 238513
398323 248461
392014 258271
385510 267867
378803 277246
371871 286452
364719 295460
357476 304166
350042 312656
342419 320963
334646 329038
326714 336902
2.85574e-11 468677
11422.2 468720
22617.2 468270
34092.8 467596
45829 466574
56901.6 465411
68155.6 463844
79326.8 462148
90526 460048
101735 457715
112822 455173
123857 452229
134789 449197
145574 445762
156339 442181
166850 438305
177317 434227
187706 429834
197809 425331
207809 420537
217773 415502
227620 410208
237380 404664
247028 398873
256577 392821
265967 386553
275184 380069
284216 373358
293075 366489
301718 359390
310265 352076
318561 344589
