469655 0
469556 11542.9
469090 23108.1
468411 34773.9
467384 46496.3
466039 58351.8
464404 70295
462452 82143.2
460160 94027.7
457593 105910
454679 117735
451466 129489
447971 141091
444202 152520
440122 163831
435829 174932
431286 185836
426460 196602
421388 207234
416104 217694
410442 228061
404641 238230
398604 248170
392281 257957
385789 267550
379093 276925
372163 286127
364996 295122
357769 303854
350311 312353
342658 320670
334862 328767
326904 336659
2.85574e-11 468054
11423.5 468452
22634.1 467993
34117.7 467301
45842.7 466232
56930.1 465160
68150.2 463490
79326.6 461949
90493.9 459735
101675 457427
112796 455003
123781 451913
134757 449034
145509 445483
156303 441999
166808 438080
177293 434035
187671 429606
197801 425156
207792 420337
217768 415323
227624 410029
237393 404486
247048 398691
256603 392641
266003 386394
275222 379908
284237 373172
293148 366341
301792 359196
310387 351884
318706 344355
