469373 0
469235 11536.5
468806 23109.5
468087 34807.3
467061 46577.5
465716 58500.9
464045 70510.2
462073 82420.8
459773 94379.1
457151 106329
454210 118233
450957 130068
447418 141745
443608 153234
439511 164595
435180 175706
430614 186598
425782 197352
420685 207972
415351 218411
409700 228808
403846 238976
397785 248922
391471 258733
384960 268328
378253 277708
371327 286909
364197 295908
356983 304583
349595 313045
342016 321326
334283 329381
326386 337230
2.85574e-11 469648
11426.1 469552
22611.6 469134
34084 468450
45835.5 467440
56915.9 466234
68204.5 464703
79393.7 462938
90618.7 460858
101853 458501
112928 455905
123978 452999
134880 449887
145668 446483
156406 442840
166905 438968
177345 434850
187721 430450
197796 425903
207779 421099
217714 416032
227535 410719
237270 405152
246898 399335
256438 393255
265821 386950
275031 380433
284065 373702
292894 366799
301518 359706
310017 352384
318276 344913
