467586 0
467515 11598.5
467028 23212.3
466394 34916.4
465382 46669.2
464053 58544.4
462477 70511.2
460566 82384.1
458298 94286.1
455801 106195
452936 118041
449786 129818
446364 141453
442662 152926
438630 164285
434416 175458
429948 186440
425177 197277
420185 207983
414999 218525
409375 228936
403680 239183
397729 249204
391456 259051
385044 268731
378428 278200
371557 287486
364437 296553
357304 305402
349902 313995
342293 322398
334551 330597
326646 338600
2.85574e-11 471488
11444.1 472270
22689.1 471879
34196 471124
45928.9 469962
57053.9 468961
68268.5 467188
79476.4 465772
90623.3 463369
101796 461047
112965 458719
123901 455421
134918 452620
145633 448892
156456 445447
166952 441430
177444 437329
187798 432781
197947 428307
207917 423386
217886 418312
227728 412936
237476 407305
247104 401418
256634 395294
266016 388990
275189 382406
284135 375553
293053 368688
301640 361422
310213 354030
318479 346383
