469531 0
469399 11542.2
468966 23115.8
468252 34805.2
467230 46560.7
465890 58463
464231 70449.7
462270 82338.5
459981 94272.9
457377 106200
454451 118080
451214 129890
447690 141541
443896 153006
439811 164342
435492 175435
430937 186314
426117 197059
421032 207673
415714 218112
410070 228505
404226 238672
398168 248616
391853 258424
385341 268015
378631 277387
371699 286584
364557 295578
357327 304260
349917 312728
342316 321015
334563 329073
326644 336923
2.85574e-11 468947
11423.7 468915
22615.2 468478
34088.9 467800
45830.4 466782
56903.8 465595
68171.8 464046
79348.7 462311
90559.2 460221
101779 457873
112861 455298
123905 452373
134824 449295
145613 445874
156366 442257
166874 438381
177329 434280
187714 429882
197804 425355
207797 420556
217748 415505
227585 410203
237335 404651
246976 398854
256523 392796
265912 386521
275130 380035
284170 373330
293024 366460
301671 359380
310210 352074
318502 344602
