469760 0
469677 11554.3
469193 23126.6
468533 34793.1
467503 46511.1
466152 58355.1
464532 70288.3
462581 82126.6
460277 93995.8
457723 105867
454805 117675
451594 129412
448103 141000
444334 152420
440241 163723
435952 174828
431410 185739
426572 196506
421502 207139
416230 217604
410545 227951
404760 238118
398727 248056
392389 257827
385899 267418
379206 276794
372269 285991
365089 294972
357878 303719
350414 312218
342750 320532
334950 328636
326988 336541
2.85574e-11 467648
11424.2 468277
22645.1 467854
34132.3 467133
45851.5 466021
56951.5 465004
68158.3 463283
79344.7 461835
90493.7 459531
101662 457238
112807 454895
123759 451708
134757 448910
145486 445285
156296 441861
166797 437920
177290 433885
187659 429428
197807 425009
207793 420174
217775 415174
227635 409881
237407 404339
247064 398543
256623 392505
266034 386279
275252 379793
284254 373045
293197 366249
301838 359085
310453 351780
318774 344235
