467752 0
467717 11721.2
467014 23430
466435 35196.9
465378 46979.1
464066 58836.1
462728 70787
460831 82614.1
458349 94385.9
455832 106186
452943 117911
449885 129592
446599 141171
442863 152581
438635 163845
434417 175023
429970 186045
425135 196880
420199 207617
415062 218201
409202 228462
403634 238755
397791 248843
391430 258631
385086 268367
378536 277919
371544 287168
364276 296162
357291 305191
349879 313847
342172 322217
334453 330497
326634 338658
2.85574e-11 470883
11485 473352
22833.7 473802
34375.2 472542
46026.9 470586
57252.3 469860
68455.5 468049
79769 467255
90748.6 463990
101884 461762
113247 460144
123947 456115
135050 453567
145629 449367
156622 446426
167157 442344
177639 438057
187860 433072
198120 428687
208106 423689
218147 418713
228012 413340
237719 407635
247313 401708
256876 395692
266275 389466
275226 382602
283909 375465
293021 368864
301624 361590
310278 354277
318475 346499
