470037 0
469941 11538.7
469470 23099.1
468791 34759.4
467759 46475.8
466406 58324.2
464763 70260.3
462798 82101
460488 93976.1
457905 105849
454969 117662
451734 129403
448216 140990
444423 152405
440316 163702
435999 174789
431433 185679
426582 196431
421489 207047
416188 217493
410505 227841
404692 237996
398643 247923
392308 257695
385810 267277
379109 276644
372176 285839
365005 294827
357778 303560
350316 312058
342656 320373
334852 328469
326885 336361
2.85574e-11 467991
11426.9 468431
22642.1 467973
34129 467269
45855.1 466183
56946.5 465109
68164.4 463415
79342.9 461876
90505.5 459627
101682 457303
112805 454873
123780 451744
134756 448859
145498 445273
156289 441779
166786 437836
177266 433774
187634 429322
197760 424861
207742 420025
217712 415001
227561 409697
237325 404147
246975 398348
256527 392299
265928 386056
275147 379575
284163 372842
293086 366025
301737 358882
310346 351578
318675 344052
