468804 0
468671 11551.7
468244 23135.8
467536 34837.8
466523 46607.6
465196 58526.3
463549 70530.3
461604 82437.1
459333 94390.9
456746 106338
453840 118240
450624 130073
447121 141748
443348 153236
439286 164596
434991 175711
430459 186611
425664 197376
420604 208011
415308 218471
409689 228889
403866 239081
397829 249050
391533 258883
385039 268498
378344 277894
371429 287113
364305 296131
357093 304832
349701 313320
342118 321627
334380 329705
326478 337575
2.85574e-11 470353
11430.5 470300
22626.5 469863
34105.6 469177
45854.6 468152
56933.8 466947
68210.9 465390
79393.7 463629
90610.5 461525
101836 459153
112916 456550
123963 453607
134876 450495
145664 447054
156411 443405
166914 439505
177362 435376
187740 430953
197822 426399
207808 421577
217751 416501
227580 411176
237323 405599
246957 399775
256497 393689
265878 387381
275086 380861
284113 374122
292947 367215
301573 360105
310086 352770
318356 345276
