467225 0
467194 11715.3
466541 23421.6
465968 35187.6
464923 46971.3
463605 58834.6
462227 70791.8
460348 82633.7
457944 94441
455478 106275
452623 118034
449567 129741
446275 141339
442577 152775
438424 164074
434248 175271
429831 186303
425036 197154
420121 207902
415012 218499
409225 228806
403663 239109
397818 249199
391484 259009
385140 268750
378594 278304
371642 287580
364413 296602
357410 305610
349998 314256
342305 322629
334573 330886
326725 339006
2.85574e-11 470960
11473.5 473175
22804.4 473477
34341.4 472353
46015.4 470598
57224.6 469862
68423.6 468037
79717.4 467149
90725.2 464029
101861 461786
113189 460047
123925 456138
135018 453582
145614 449454
156575 446432
167103 442367
177601 438155
187863 433288
198117 428924
208103 423945
218132 418952
227996 413576
237716 407884
247322 401962
256885 395927
266295 389705
275308 382918
284051 375847
293130 369202
301713 361910
310344 354576
318552 346821
