470085 0
469997 11544.5
469517 23108.7
468848 34769.4
467814 46483.8
466458 58326.4
464822 70257.6
462857 82093.5
460541 93961.1
457965 105828
455027 117633
451792 129365
448277 140946
444483 152357
440370 163649
436055 174739
431490 185632
426633 196385
421542 207002
416247 217451
410553 227789
404748 237943
398701 247869
392358 257633
385860 267214
379160 276581
372223 285773
365044 294754
357825 303492
350360 311990
342695 320303
334891 328403
326924 336301
2.85574e-11 467784
11427.3 468340
22647.6 467898
34136.4 467180
45859.7 466074
56957.4 465028
68168.6 463308
79352 461816
90505.4 459523
101676 457207
112810 454819
123769 451643
134757 448800
145487 445179
156287 441717
166782 437763
177266 433708
187630 429244
197766 424801
207746 419958
217719 414942
227572 409641
237338 404092
246990 398293
256545 392249
265952 386017
275171 379535
284181 372793
293119 365990
301767 358834
310382 351530
318709 343993
