469468 0
469331 11533.9
468903 23104.3
468185 34799.7
467161 46567.7
465817 58489
464150 70496.4
462180 82405.2
459883 94361.8
457264 106310
454327 118213
451077 130046
447540 141721
443733 153210
439640 164569
435311 175679
430747 186570
425917 197323
420821 207941
415488 218379
409837 228774
403982 238939
397920 248881
391604 258688
385090 268278
378379 277652
371448 286848
364314 295840
357093 304507
349700 312960
342114 321231
334374 329277
326470 337114
2.85574e-11 469191
11423.5 469094
22606.3 468677
34076.2 467995
45825.2 466989
56903.4 465785
68190.1 464259
79377.5 462498
90601 460425
101834 458075
112908 455486
123957 452589
134859 449486
145646 446093
156385 442462
166885 438602
177327 434497
187705 430110
197783 425578
207770 420788
217709 415737
227535 410440
237276 404889
246911 399089
256457 393025
265847 386736
275066 380235
284108 373519
292946 366631
301578 359553
310085 352244
318352 344785
