469199 0
469070 11546.8
468628 23123.2
467912 34812.7
466880 46566.7
465532 58465.1
463864 70447.7
461894 82332.6
459595 94260.9
456984 106182
454049 118053
450806 129854
447277 141496
443478 152953
439388 164284
435067 175379
430510 186265
425689 197020
420607 207645
415296 218097
409657 228499
403825 238679
397779 248638
391473 258460
384976 268070
378279 277464
371362 286688
364230 295716
357012 304443
349608 312961
342016 321300
334276 329412
326374 337316
2.85574e-11 470728
11436 470751
22642.8 470293
34130.4 469603
45879.3 468560
56961.9 467365
68227.7 465769
79407.2 464026
90613.7 461885
101828 459499
112915 456895
123950 453898
134874 450794
145653 447299
156406 443643
166904 439700
177354 435551
187725 431090
197808 426516
207787 421657
217728 416555
227552 411198
237289 405593
246913 399742
256439 393631
265806 387306
275000 380767
284010 374005
292844 367084
301462 359939
309982 352578
318251 345047
