468276 0
468154 11550.2
467717 23129.9
467019 34822.4
466007 46580.9
464681 58484.4
463045 70474.8
461108 82369.8
458846 94309
456282 106243
453393 118128
450202 129945
446726 141604
442982 153084
438947 164440
434683 175567
430182 186490
425414 197284
420387 207948
415133 218439
409543 228875
403766 239092
397767 249086
391504 258942
385048 268586
378387 278013
371499 287271
364388 296332
357188 305097
349789 313649
342200 322020
334459 330160
326558 338090
2.85574e-11 470864
11431.5 470941
22636.9 470482
34122.4 469803
45865.9 468769
56947.2 467605
68204.1 466013
79381.7 464319
90583.2 462192
101794 459842
112890 457289
123924 454306
134864 451265
145648 447789
156417 444187
166927 440274
177395 436167
187779 431734
197880 427200
207872 422365
217829 417293
227668 411958
237417 406372
247052 400537
256585 394441
265958 388130
275157 381601
284167 374839
293011 367923
301632 360765
310160 353393
318431 345841
