468281 0
468232 11630.3
467692 23266.8
467080 34980.4
466038 46729.8
464676 58583.9
463120 70530.1
461182 82376.5
458840 94233
456324 106102
453411 117899
450226 129626
446781 141219
443028 152652
438910 163966
434662 175119
430157 186085
425321 196890
420304 207573
415106 218103
409395 228446
403713 238681
397761 248693
391436 258499
385019 268177
378404 277655
371495 286926
364326 295967
357223 304857
349802 313454
342155 321838
334407 330047
326509 338077
2.85574e-11 471319
11455.4 472609
22733 472400
34253 471541
45974.4 470216
57132.2 469307
68333.5 467453
79570.5 466200
90669.8 463533
101822 461208
113042 459040
123898 455492
134944 452775
145600 448858
156457 445507
166944 441419
177436 437267
187756 432596
197935 428138
207892 423151
217865 418062
227700 412649
237431 406967
247042 401035
256571 394906
265957 388613
275085 381968
283966 375042
292932 368237
301496 360931
310081 353546
318329 345860
