468668 0
468536 11548.3
468116 23130.5
467416 34833.4
466416 46606.5
465105 58530.9
463477 70542.2
461551 82457.1
459302 94420.8
456737 106379
453854 118293
450661 130139
447180 141828
443427 153330
439384 164702
435106 175826
430589 186731
425807 197500
420758 208137
415469 218598
409856 229017
404032 239209
397994 249177
391693 259007
385191 268616
378487 278005
371560 287213
364425 296216
357201 304897
349798 313365
342201 321649
334448 329704
326530 337549
2.85574e-11 470232
11431.5 470159
22626.1 469725
34104.6 469032
45855.8 468003
56935.7 466784
68216.9 465223
79401 463443
90619.1 461331
101846 458946
112920 456327
123964 453381
134869 450249
145652 446807
156390 443145
166886 439244
177326 435109
187699 430688
197774 426132
207756 421315
217694 416244
227520 410929
237263 405363
246899 399552
256447 393481
265838 387189
275059 380687
284102 373970
292948 367084
301588 360001
310112 352690
318395 345225
