468159 0
468041 11552.1
467602 23132.9
466910 34824.8
465900 46581.6
464578 58482.3
462948 70470.3
461017 82363.4
458760 94300.2
456204 106232
453322 118115
450138 129929
446669 141587
442933 153066
438902 164425
434644 175556
430147 186487
425381 197287
420358 207956
415109 218453
409520 228888
403749 239106
397755 249100
391494 258955
385043 268601
378387 278032
371504 287295
364394 296363
357196 305142
349794 313706
342198 322089
334452 330240
326545 338180
2.85574e-11 470972
11431.8 471090
22639.3 470626
34126.2 469948
45868.6 468911
56951.7 467759
68204.5 466158
79382.5 464483
90580.9 462347
101789 460002
112889 457464
123919 454467
134866 451445
145648 447957
156422 444366
166933 440447
177404 436343
187787 431905
197892 427374
207882 422533
217840 417458
227677 412117
237424 406525
247055 400683
256583 394581
265951 388266
275144 381732
284147 374963
292992 368046
301609 360878
310140 353501
318412 345938
