469820 0
469755 11576.4
469246 23164.7
468611 34838
467576 46554.5
466220 58386.1
464629 70308.2
462684 82134
460366 93981.4
457833 105836
454916 117623
451714 129338
448241 140913
444475 152324
440365 163618
436085 174731
431545 185652
426690 196418
421624 207052
416366 217525
410646 227842
404884 238013
398862 247956
392499 257712
386012 267311
379323 276701
372369 285896
365163 294866
357972 303639
350499 312142
342817 320446
335013 328555
327052 336471
2.85574e-11 467149
11426.6 468104
22665 467772
34158.7 467001
45870.3 465811
56989.5 464867
68183.1 463091
79384.9 461768
90505.6 459323
101658 457050
112834 454830
123739 451510
134761 448811
145458 445090
156292 441754
166791 437791
177293 433762
187650 429264
197825 424889
207811 420038
217805 415056
227673 409768
237447 404222
247106 398422
256673 392399
266097 386202
275301 379703
284273 372930
293252 366187
301881 359006
310509 351717
318824 344156
