469996 0
469877 11523.7
469430 23075.8
468727 34738.5
467699 46465.4
466352 58334.7
464690 70290
462721 82148.9
460419 94048.6
457812 105941
454873 117781
451628 129548
448095 141158
444290 152586
440189 163892
435860 174969
431291 185844
426453 196586
421358 207194
416041 217627
410383 227996
404547 238148
398491 248076
392170 257863
385662 267443
378951 276809
372014 286009
364848 295012
357594 303727
350133 312225
342478 320537
334674 328616
326712 336481
2.85574e-11 468463
11425 468595
22626.6 468128
34106.8 467447
45841.1 466405
56917.5 465254
68160.9 463644
79331.3 461972
90520.1 459827
101718 457478
112811 454940
123829 451934
134768 448917
145539 445425
156304 441842
166806 437928
177270 433836
187646 429411
197747 424901
207734 420082
217691 415038
227531 409731
237285 404179
246926 398383
256468 392332
265854 386073
275070 379601
284100 372897
292979 366051
301633 358953
310208 351651
318527 344162
