468375 0
468298 11580.8
467812 23178.9
467163 34870.1
466138 46612.4
464793 58479.5
463185 70437.2
461242 82300.1
458942 94192.5
456399 106088
453488 117920
450287 129681
446810 141295
443054 152743
438973 164075
434703 175215
430183 186162
425367 196966
420327 207638
415093 218146
409438 228531
403701 238747
397717 248738
391423 258562
384989 268216
378355 277662
371475 286931
364351 295989
357204 304822
349794 313408
342179 321808
334427 330000
326513 337993
2.85574e-11 471530
11448.7 472225
22693.4 471804
34202.7 471050
45940.6 469891
57063.1 468850
68281.9 467068
79486.2 465592
90637.9 463195
101812 460836
112968 458441
123909 455143
134913 452279
145625 448542
156432 445040
166917 440995
177395 436861
187739 432294
197869 427783
207826 422842
217780 417743
227609 412349
237345 406705
246965 400808
256486 394674
265860 388358
275033 381776
283987 374931
292896 368056
301491 360798
310065 353408
318340 345772
