469797 0
469723 11563.3
469228 23141.9
468580 34810.6
467547 46527.2
466193 58364.8
464584 70292.5
462635 82124.7
460323 93983.7
457777 105847
454857 117645
451648 129371
448163 140952
444394 152368
440293 163668
436007 174778
431466 185694
426620 196462
421552 207097
416288 217566
410588 227900
404815 238069
398788 248008
392440 257772
385953 267366
379263 276749
372322 285946
365133 294923
357932 303682
350465 312184
342793 320495
334989 328602
327026 336512
2.85574e-11 467411
11424.9 468190
22653.2 467803
34143.1 467061
45858.7 465917
56967.4 464935
68167.6 463189
79361.1 461800
90497.9 459435
101660 457153
112818 454866
123750 451619
134760 448868
145474 445199
156295 441814
166794 437860
177291 433828
187654 429352
197814 424952
207798 420108
217784 415114
227647 409822
237419 404278
247076 398480
256638 392447
266055 386235
275267 379746
284257 372988
293219 366218
301856 359047
310480 351752
318802 344200
