469384 0
469253 11543
468819 23116.8
468107 34805.3
467086 46559.4
465750 58459.5
464095 70444
462139 82331
459856 94263.2
457260 106188
454341 118066
451115 129874
447601 141524
443818 152989
439745 164326
435439 175422
430896 186307
426088 197059
421017 207681
415712 218129
410081 228530
404250 238707
398203 248660
391896 258477
385392 268077
378686 277457
371757 286661
364615 295662
357384 304351
349969 312826
342365 321118
334610 329180
326691 337033
2.85574e-11 468876
11421.3 468862
22611.9 468423
34084.2 467748
45822.5 466734
56894.1 465556
68157.5 464008
79332.1 462289
90539.6 460204
101757 457866
112840 455306
123884 452384
134806 449325
145597 445909
156354 442310
166866 438442
177327 434356
187716 429968
197814 425456
207813 420667
217773 415628
227619 410335
237378 404791
247027 398998
256580 392944
265973 386669
275194 380180
284233 373469
293086 366593
301728 359503
310263 352192
318551 344715
