468497 0
468403 11563.4
467936 23148.7
467266 34834.3
466243 46576.6
464903 58451.6
463275 70415.5
461327 82284.7
459037 94189.6
456477 106093
453566 117939
450360 129713
446872 141335
443111 152787
439039 164122
434760 175250
430234 186182
425425 196978
420376 207641
415123 218137
409487 228537
403726 238746
397730 248730
391449 258563
385006 268208
378361 277641
371483 286906
364366 295967
357194 304773
349783 313346
342173 321738
334417 329910
326496 337880
2.85574e-11 471523
11445.9 471965
22678.1 471498
34182.2 470777
45925.1 469667
57031.9 468567
68262.7 466837
79453.9 465260
90624.7 462964
101810 460590
112939 458106
123914 454915
134893 451967
145630 448312
156417 444748
166905 440731
177374 436594
187727 432063
197838 427525
207801 422608
217749 417504
227574 412117
237311 406484
246933 400600
256453 394468
265820 388142
275004 381577
283982 374762
292868 367864
301478 360640
310046 353255
318331 345649
