468354 0
468227 11556.4
467795 23142.9
467092 34843.3
466081 46609.3
464758 58521.2
463121 70518.7
461186 82419.9
458927 94366.8
456360 106308
453472 118203
450279 130029
446801 141698
443055 153184
439019 164545
434752 175670
430248 186587
425478 197374
420447 208032
415183 218517
409590 228954
403800 239169
397792 249161
391520 259017
385052 268656
378380 278076
371483 287322
364367 296368
357162 305106
349769 313631
342186 321972
334450 330083
326553 337984
2.85574e-11 470630
11429.2 470644
22629.1 470197
34110.3 469519
45854.8 468496
56933.4 467319
68198.7 465753
79377.7 464035
90586.9 461931
101806 459580
112896 457012
123939 454060
134869 450993
145659 447544
156422 443928
166933 440028
177395 435917
187781 431495
197877 426955
207870 422130
217825 417058
227662 411728
237412 406148
247048 400318
256586 394227
265963 387917
275167 381392
284186 374641
293024 367727
301646 360591
310165 353236
318432 345711
