467683 0
467602 11587.2
467126 23192.5
466479 34892.3
465468 46644.3
464141 58523.6
462552 70493.7
460636 82370.4
458374 94280.2
455866 106194
452999 118048
449843 129832
446412 141471
442705 152944
438676 164304
434454 175468
429980 186440
425212 197272
420213 207972
415014 218506
409400 228924
403688 239166
397726 249179
391457 259028
385037 268699
378411 278157
371541 287436
364425 296502
357277 305332
349875 313917
342270 322317
334528 330508
326623 338501
2.85574e-11 471503
11442.2 472136
22678.9 471708
34182.4 470975
45917.9 469846
57033.3 468810
68253.7 467063
79453.7 465589
90612.6 463249
101792 460919
112946 458536
123903 455302
134907 452455
145637 448775
156449 445295
166946 441292
177435 437192
187795 432667
197934 428178
207906 423269
217872 418192
227712 412820
237460 407195
247090 401314
256619 395188
265996 388874
275175 382298
284135 375458
293036 368572
301629 361317
310194 353920
318463 346285
