469891 0
469752 11531.8
469317 23099.9
468588 34792.1
467548 46555.9
466185 58471.8
464493 70472.4
462496 82373.4
460167 94320.4
457516 106258
454543 118148
451256 129967
447682 141627
443838 153099
439706 164441
435341 175533
430741 186406
425877 197140
420748 207739
415384 218158
409704 228535
403823 238683
397740 248610
391405 258403
384877 267982
378156 277347
371221 286537
364085 295527
356867 304197
349477 312656
341897 320936
334164 328994
326269 336846
2.85574e-11 469672
11428.8 469575
22616.9 469154
34091.7 468466
45845.2 467450
56927.2 466236
68216.8 464696
79406.6 462920
90631.5 460828
101866 458456
112939 455845
123986 452922
134886 449792
145670 446370
156403 442708
166897 438816
177330 434678
187699 430258
197767 425692
207742 420868
217669 415783
227481 410452
237207 404869
246827 399037
256358 392942
265733 386624
274937 380095
283965 373354
292789 366442
301408 359341
309904 352011
318161 344533
