467807 0
467711 11572
467251 23166.3
466584 34861.5
465573 46614.1
464251 58501
462642 70477
460722 82359.5
458467 94280.2
455941 106201
453072 118067
449910 129863
446467 141510
442754 152987
438732 164348
434498 175502
430017 186460
425253 197284
420244 207974
415025 218496
409426 228927
403690 239162
397716 249170
391456 259027
385026 268690
378389 278137
371518 287413
364409 296482
357238 305289
349834 313864
342235 322258
334489 330431
326581 338402
2.85574e-11 471465
11438.9 471865
22663.4 471401
34161.3 470699
45900.7 469616
57001.3 468527
68233.5 466836
79421.8 465272
90598.3 463028
101789 460689
112918 458229
123908 455099
134890 452177
145643 448579
156438 445045
166941 441073
177422 436972
187793 432483
197915 427971
207894 423087
217855 418006
227694 412641
237442 407025
247074 401153
256600 395027
265971 388700
275156 382134
284133 375317
293005 368406
301607 361179
310159 353786
318431 346177
