469846 0
469802 11612.3
469250 23228.5
468647 34918.6
467604 46641.4
466243 58464.3
464706 70379.6
462770 82193.5
460417 94011.5
457902 105844
454984 117602
451797 129290
448349 140847
444579 152243
440431 163515
436162 174632
431632 185563
426761 196326
421712 206967
416478 217452
410703 227729
404981 237910
398983 247863
392595 257593
386128 267201
379464 276609
372493 285799
365260 294752
358113 303573
350635 312087
342923 320376
335116 328496
327161 336438
2.85574e-11 466516
11430.2 467955
22695.8 467827
34198.3 466962
45893.5 465621
57039.2 464782
68221.6 462971
79449.1 461830
90526.1 459161
101661 456921
112888 454898
123726 451382
134778 448794
145433 444941
156308 441742
166815 437762
177327 433722
187665 429143
197879 424820
207867 419949
217878 414992
227753 409704
237522 404144
247176 398338
256758 392350
266202 386196
275376 379660
284300 372837
293338 366174
301962 358977
310613 351709
318917 344119
