469539 0
469405 11542.8
468971 23117.3
468254 34808.3
467227 46565.8
465883 58470.4
464216 70459
462248 82349.5
459952 94285.3
457338 106213
454404 118094
451159 129905
447627 141557
443826 153023
439736 164359
435414 175451
430857 186329
426037 197073
420954 207687
415638 218126
409998 228522
404158 238692
398105 248640
391794 258452
385286 268047
378579 277425
371651 286626
364512 295625
357285 304309
349878 312779
342279 321067
334527 329126
326611 336976
2.85574e-11 468995
11422.9 468954
22612.8 468520
34085.4 467842
45827 466827
56900.1 465639
68169.8 464095
79347.4 462358
90559.5 460274
101781 457928
112862 455354
123908 452436
134825 449358
145616 445945
156368 442331
166878 438461
177333 434365
187719 429973
197811 425451
207806 420658
217759 415612
227598 410314
237350 404765
246992 398967
256540 392906
265929 386624
275144 380129
284180 373415
293025 366533
301663 359445
310191 352131
318476 344657
