467819 0
467711 11562.5
467266 23150.7
466586 34845.3
465580 46601.4
464264 58497.3
462649 70481.2
460731 82371.1
458485 94303
455952 106232
453087 118111
449925 129921
446480 141579
442768 153065
438754 164434
434517 175586
430036 186539
425279 197361
420268 208049
415038 218564
409452 229006
403701 239237
397720 249242
391465 259103
385027 268761
378382 278201
371508 287473
364402 296545
357218 305338
349819 313909
342226 322300
334484 330462
326580 338416
2.85574e-11 471280
11436 471512
22651.9 471043
34145.3 470359
45888 469307
56978.9 468183
68222.7 466545
79403.7 464918
90592.7 462743
101792 460404
112904 457900
123918 454853
134880 451877
145651 448347
156435 444784
166943 440845
177420 436746
187800 432290
197912 427769
207899 422911
217859 417835
227699 412485
237451 406883
247086 401030
256618 394917
265990 388595
275183 382048
284177 375258
293031 368341
301639 361147
310176 353764
318444 346182
