469480 0
469347 11541.7
468916 23115.8
468203 34807.5
467183 46566.8
465846 58474.3
464188 70466.6
462229 82361
459943 94301.7
457339 106235
454414 118122
451178 129939
447655 141597
443860 153069
439776 164410
435459 175506
430905 186385
426087 197130
421005 207744
415687 218182
410045 228577
404200 238745
398141 248691
391824 258499
385309 268090
378594 277461
371659 286655
364515 295646
357285 304321
349875 312783
342275 321062
334520 329114
326601 336957
2.85574e-11 469052
11424.2 469000
22614.1 468567
34087.2 467886
45830.4 466869
56904.5 465673
68177 464127
79355.8 462380
90569.2 460290
101792 457936
112870 455351
123916 452428
134828 449336
145616 445918
156364 442293
166870 438417
177320 434313
187703 429916
197789 425388
207781 420593
217731 415544
227567 410247
237319 404698
246962 398902
256512 392844
265905 386565
275124 380073
284165 373363
293011 366485
301651 359403
310179 352096
318464 344630
