467385 0
467334 11630.2
466815 23268.9
466212 34987.8
465197 46746.3
463867 58614.6
462336 70576.2
460438 82441.4
458153 94323.7
455685 106219
452828 118046
449698 129805
446306 141430
442613 152897
438564 164248
434371 175432
429917 186429
425137 197270
420164 207984
415004 218542
409346 228927
403690 239188
397766 249223
391478 259059
385087 268757
378495 278253
371617 287548
364479 296615
357384 305513
349979 314125
342350 322527
334608 330743
326710 338771
2.85574e-11 471372
11450 472551
22718.1 472298
34233.5 471471
45956.8 470195
57106.1 469276
68308.9 467447
79537.7 466173
90648.6 463584
101805 461279
113014 459096
123892 455628
134935 452923
145611 449073
156465 445729
166961 441683
177462 437574
187801 432960
197984 428528
207954 423582
217938 418522
227787 413143
237535 407497
247163 401597
256703 395489
266100 389213
275250 382599
284155 375704
293116 368897
301689 361608
310276 354227
318531 346553
