469564 0
469426 11536.4
468996 23107.9
468276 34801.9
467249 46566.5
465902 58482.6
464230 70483.8
462256 82386.3
459953 94335.7
457329 106277
454386 118172
451131 129997
447589 141663
443778 153142
439679 164492
435347 175593
430781 186476
425950 197221
420855 207833
415524 218267
409875 228660
404021 238826
397960 248768
391643 258576
385129 268167
378418 277540
371488 286735
364354 295727
357134 304398
349740 312856
342153 321133
334411 329184
326506 337027
2.85574e-11 469112
11422.8 469027
22607.1 468606
34076.9 467926
45823.4 466918
56899.4 465718
68181.3 464189
79365.5 462434
90585.8 460359
101816 458010
112890 455425
123939 452524
134844 449426
145633 446029
156375 442402
166878 438540
177324 434438
187706 430051
197790 425522
207781 420731
217727 415679
227559 410380
237304 404827
246941 399025
256489 392959
265880 386670
275097 380168
284138 373451
292975 366562
301606 359479
310116 352167
318385 344702
