470279 0
470243 11679.2
469537 23345.6
468945 35070
467869 46808.8
466530 58621.3
465154 70527.1
463222 82308.5
460706 94033.2
458148 105784
455209 117458
452092 129084
448741 140605
444943 151954
440654 163152
436366 174261
431844 185210
426934 195968
421917 206625
416697 217127
410761 227301
405105 237504
399172 247497
392727 257186
386294 266820
379657 276268
372584 285410
365238 294294
358168 303211
350674 311752
342890 320004
335092 328164
327192 336202
2.85574e-11 465587
11451.8 468041
22779.7 468488
34301.6 467263
45931.7 465355
57130.9 464665
68313.4 462891
79605.8 462137
90579 458939
101697 456773
113043 455213
123746 451267
134840 448803
145424 444693
156411 441838
166956 437853
177453 433675
187698 428807
197973 424533
207983 419647
218049 414783
227946 409525
237691 403939
247327 398133
256933 392239
266381 386137
275396 379403
284145 372394
293308 365917
301973 358763
310690 351573
318959 343918
