470045 0
469992 11721.8
469141 23419.6
468609 35173.5
467663 46942.1
466583 58774.5
465571 70697.5
463712 82467.5
460972 94089.1
458259 105733
455270 117316
452276 128895
449083 140403
445250 151709
440761 162812
436382 173892
431836 184854
426896 195622
421927 206318
416729 216856
410682 226974
405174 237262
399436 247385
393065 257131
386741 266850
380130 276345
372891 285393
365354 294150
358294 303116
350768 311670
342929 319897
335194 328139
327431 336331
2.85574e-11 466336
11495.1 469553
22922.4 470258
34406.4 468055
45842.2 464890
57082.9 463830
68262.4 461957
79613.2 461503
90505.6 457903
101658 456013
113132 455166
123806 451081
134965 448859
145564 444717
156686 442298
167275 438289
177672 433742
187703 428332
197970 423918
208018 419038
218199 414398
228208 409356
238021 403919
247709 398249
257368 392501
266775 386371
275520 379299
284033 372026
293334 365759
302149 358799
311010 351801
319266 344125
