470049 0
469939 11529.6
469483 23084.5
468789 34744.9
467758 46465.7
466408 58324.1
464753 70268.8
462784 82117.4
460477 94004.2
457879 105885
454939 117711
451697 129465
448168 141063
444367 152485
440262 163787
435933 174869
431360 185751
426510 196499
421408 207109
416091 217547
410418 227905
404588 238055
398531 247979
392203 257759
385699 267339
378992 276704
372057 285903
364889 294902
357645 303624
350184 312123
342527 320437
334725 328522
326764 336398
2.85574e-11 468330
11428.5 468586
22638.3 468114
34124.3 467424
45857.6 466363
56941 465239
68172.9 463586
79344.9 461963
90521.3 459774
101708 457431
112811 454932
123810 451874
134763 448911
145521 445378
156296 441831
166795 437903
177266 433824
187638 429389
197749 424899
207734 420073
217697 415037
227543 409731
237304 404179
246953 398379
256502 392324
265897 386066
275115 379584
284137 372861
293028 366019
301674 358897
310256 351591
318573 344084
