469320 0
469184 11537
468758 23109.8
468044 34806.1
467026 46574.1
465691 58494.9
464033 70501.7
462074 82410.5
459789 94367.3
457183 106317
454258 118220
451021 130055
447497 141731
443702 153219
439621 164578
435305 175688
430755 186578
425941 197331
420863 207952
415549 218395
409915 228798
404075 238972
398025 248923
391717 258738
385209 268335
378501 277713
371572 286912
364438 295904
357215 304573
349817 313027
342225 321297
334479 329341
326568 337176
2.85574e-11 469172
11423.6 469082
22607.9 468661
34078.1 467977
45825.6 466966
56902.2 465761
68185.4 464229
79370.1 462466
90590.5 460386
101821 458031
112893 455440
123940 452536
134842 449431
145629 446033
156367 442402
166868 438539
177311 434437
187691 430051
197773 425524
207763 420739
217709 415694
227541 410405
237289 404862
246931 399072
256485 393019
265883 386742
275110 380253
284160 373548
293007 366671
301647 359600
310165 352298
318441 344843
