467954 0
467840 11557.2
467399 23141.7
466713 34835.3
465705 46592.3
464387 58491.4
462765 70478.1
460840 82370.4
458589 94305.6
456044 106237
453171 118119
449997 129931
446540 141590
442815 153074
438794 164439
434547 175583
430058 186527
425299 197341
420283 208022
415046 218530
409462 228971
403704 239198
397720 249201
391466 259062
385025 268716
378377 278155
371503 287426
364398 296499
357209 305287
349811 313858
342219 322247
334476 330406
326571 338354
2.85574e-11 471107
11433 471275
22643.8 470808
34133.3 470129
45875.5 469088
56961.7 467950
68210.2 466335
79389.3 464685
90583.6 462536
101788 460197
112894 457677
123918 454663
134872 451666
145651 448164
156431 444590
166943 440667
177418 436570
187802 432128
197912 427604
207903 422759
217863 417686
227702 412342
237452 406747
247084 400901
256613 394794
265982 388477
275175 381939
284173 375163
293022 368247
301635 361068
310168 353689
318438 346117
