470141 0
470061 11552.1
469572 23121.5
468913 34783.7
467877 46496.3
466518 58333
464891 70259
462927 82089.3
460604 93947.9
458034 105808
455093 117603
451859 129326
448346 140900
444552 152306
440429 163594
436116 174687
431549 185584
426684 196337
421592 206954
416302 217405
410592 227730
404796 237883
398752 247807
392399 257562
385903 267144
379206 276514
372264 285705
365079 294682
357870 303432
350401 311933
342729 320245
334922 328349
326953 336254
2.85574e-11 467554
11427.6 468245
22654.2 467832
34145 467097
45864.9 465963
56970.3 464950
68174.8 463204
79364.6 461767
90507.2 459422
101671 457116
112820 454778
123759 451548
134759 448752
145477 445090
156287 441664
166781 437700
177270 433650
187629 429169
197776 424744
207755 419893
217732 414884
227587 409583
237353 404033
247006 398231
256562 392192
265973 385970
275188 379484
284185 372732
293138 365950
301780 358785
310402 351487
318729 343942
