467760 0
467671 11578.6
467203 23177.6
466545 34874.5
465534 46626.4
464209 58509.3
462608 70482.3
460690 82361.8
458430 94277.4
455913 106195
453044 118054
449883 129845
446445 141487
442734 152962
438709 164322
434479 175479
430001 186443
425235 197270
420230 207965
415020 218492
409414 228918
403689 239155
397720 249166
391456 259018
385031 268685
378399 278136
371529 287412
364417 296479
357257 305295
349854 313873
342254 322269
334511 330451
326605 338433
2.85574e-11 471494
11440.6 472001
22670.7 471550
34171.4 470834
45909.1 469731
57016.6 468667
68242.9 466948
79436.5 465425
90604.9 463138
101790 460802
112930 458376
123905 455197
134898 452310
145639 448673
156442 445163
166942 441175
177427 437075
187792 432569
197921 428067
207896 423170
217859 418090
227698 412722
237446 407101
247077 401226
256605 395099
265979 388778
275164 382209
284136 375380
293024 368479
301623 361236
310182 353838
318452 346214
