467153 0
467103 11771.3
466256 23519.2
465749 35323.6
464841 47143.3
463816 59027.4
462870 71000.7
461062 82822.1
458360 94495.7
455691 106193
452758 117833
449834 129473
446719 141044
442956 152417
438530 163593
434225 174749
429761 185793
424908 196649
420035 207437
414936 218070
408981 228291
403584 238686
397964 248921
391701 258784
385486 268620
378978 278231
371824 287395
364367 296271
357399 305357
349963 314036
342208 322393
334564 330768
326897 339096
2.85574e-11 472042
11530.6 475273
22979.9 475961
34474.1 473673
45920.8 470402
57191.7 469268
68394.6 467341
79769.3 466846
90669.5 463184
101849 461255
113347 460381
124025 456237
135199 453952
145799 449737
156934 447245
167513 443140
177884 438472
187879 432929
198129 428393
208158 423402
218325 418660
228313 413515
238098 407970
247753 402187
257371 396320
266725 390059
275391 382846
283828 375432
293081 369035
301839 361953
310641 354831
318818 347025
