467436 0
467397 11738.7
466641 23460.9
466070 35239.8
465032 47032.6
463776 58896
462536 70853.1
460663 82678.1
458128 94423.7
455593 106199
452718 117907
449726 129582
446518 141167
442807 152578
438554 163830
434347 175019
429926 186063
425108 196916
420207 207678
415092 218284
409202 228533
403680 238855
397892 248982
391548 258785
385239 268551
378708 278126
371679 287361
364367 296335
357401 305396
349986 314066
342260 322432
334554 330735
326768 338937
2.85574e-11 470838
11498.2 473580
22869.5 474175
34410.5 472698
46023.3 470445
57263.9 469690
68468.5 467892
79800.1 467219
90748.7 463816
101887 461653
113289 460231
123963 456122
135082 453633
145657 449406
156695 446609
167250 442543
177717 438183
187892 433071
198163 428678
208165 423693
218239 418782
228131 413462
237848 407789
247451 401898
257029 395935
266424 389723
275305 382777
283925 375575
293086 369051
301733 361833
310430 354578
318622 346794
