470018 0
469915 11534
469452 23091.7
468765 34752.1
467734 46470.8
466383 58324.5
464734 70265.2
462767 82110.2
460460 93991.8
457870 105869
454933 117689
451696 129437
448173 141031
444378 152450
440273 163749
435952 174835
431383 185721
426534 196471
421438 207085
416130 217528
410453 227882
404632 238035
398581 247962
392252 257739
385753 267321
379051 276689
372119 285887
364952 294882
357719 303611
350258 312110
342602 320427
334798 328518
326834 336403
2.85574e-11 468175
11427.1 468517
22638.7 468049
34124.5 467354
45853.7 466283
56940.1 465184
68164.9 463513
79339.7 461931
90509.9 459716
101692 457383
112804 454917
123793 451827
134758 448902
145508 445344
156292 441823
166790 437888
177265 433819
187636 429376
197754 424900
207738 420070
217705 415041
227553 409736
237316 404186
246966 398387
256516 392335
265914 386085
275133 379604
284153 372877
293060 366047
301711 358915
310308 351609
318632 344093
