470202 0
470131 11562.4
469629 23139
468982 34804
467943 46515.3
466579 58345
464964 70264.8
463001 82088.1
460669 93935
458107 105786
455165 117570
451934 129281
448428 140848
444634 152250
440502 163534
436190 174632
431621 185536
426744 196287
421650 206905
416364 217358
410633 227667
404846 237820
398805 247744
392438 257490
385943 267074
379248 276449
372298 285639
365101 294608
357904 303371
350434 311873
342757 320181
334952 328290
326986 336203
2.85574e-11 467299
11428.8 468150
22664 467782
34158.1 467022
45874.3 465852
56989.4 464876
68187.5 463105
79385 461730
90514 459317
101670 457022
112835 454745
123751 451449
134763 448702
145464 444992
156285 441608
166778 437631
177270 433583
187624 429080
197783 424675
207760 419814
217742 414813
227600 409513
237368 403961
247021 398157
256581 392126
266000 385920
275210 379428
284195 372666
293167 365910
301804 358736
310435 351445
318758 343889
