470307 0
470256 11595.5
469713 23197.3
469092 34876.4
468040 46590.9
466664 58409.7
465088 70319.6
463128 82129
460763 93947.4
458218 105777
455273 117532
452051 129216
448566 140764
444769 152150
440607 163413
436308 174512
431749 185422
426858 196168
421780 206789
416518 217252
410744 227526
404993 237688
398972 247623
392578 257348
386091 266942
379404 276333
372426 285515
365189 294463
358014 303256
350525 311755
342814 320039
335001 328147
327039 336072
2.85574e-11 466683
11429.4 467965
22686.4 467759
34185.7 466923
45886 465630
57022.9 464752
68207.2 462939
79426.2 461730
90516.8 459124
101656 456861
112865 454756
123722 451288
134762 448651
145426 444822
156284 441559
166782 437564
177288 433512
187628 428945
197825 424588
207806 419706
217806 414724
227673 409420
237440 403851
247091 398031
256661 392016
266092 385836
275272 379305
284207 372493
293223 365799
301845 358603
310488 351327
318797 343749
