469895 0
469773 11524
469330 23077.4
468625 34743.3
467599 46474.7
466256 58350.1
464596 70311.5
462631 82176.4
460333 94083.4
457729 105983
454796 117831
451555 129608
448026 141225
444227 152661
440132 163971
435808 175051
431244 185925
426412 196667
421321 207277
416004 217712
410348 228087
404508 238243
398447 248173
392122 257964
385606 267543
378886 276905
371940 286099
364770 295094
357513 303796
350058 312282
342414 320587
334623 328661
326677 336526
2.85574e-11 468539
11424 468630
22622.8 468169
34101 467490
45836.1 466455
56910.4 465296
68158.4 463702
79328.9 462016
90522.3 459888
101725 457541
112815 454996
123840 452013
134775 448984
145551 445512
156315 441924
166820 438022
177284 433932
187665 429517
197766 425006
207757 420195
217717 415152
227559 409848
237315 404298
246959 398501
256503 392446
265889 386179
275103 379697
284132 372984
292999 366122
301645 359018
310204 351706
318509 344213
