469520 0
469384 11542.6
468951 23118
468232 34811.7
467204 46573.2
465857 58483.1
464187 70477.4
462215 82373.1
459914 94314.8
457294 106248
454354 118135
451103 129952
447566 141609
443758 153080
439664 164420
435337 175513
430776 186390
425954 197133
420870 207745
415552 218182
409913 228579
404072 238750
398019 248700
391709 258514
385202 268111
378497 277490
371572 286692
364440 295692
357221 304374
349824 312845
342235 321134
334490 329194
326581 337046
2.85574e-11 469079
11422.6 469020
22610.2 468592
34081.5 467914
45824.5 466904
56898.3 465713
68172.5 464177
79352.6 462435
90568.3 460358
101794 458013
112873 455438
123922 452530
134835 449446
145627 446041
156376 442424
166885 438559
177338 434462
187723 430073
197811 425548
207805 420757
217755 415709
227592 410412
237343 404861
246986 399061
256535 392998
265927 386712
275145 380213
284183 373495
293024 366607
301658 359518
310177 352202
318453 344728
