469560 0
469437 11530.2
468995 23089.9
468290 34762.2
467266 46499.8
465926 58381.8
464271 70349.6
462312 82221.1
460025 94135.5
457431 106043
454511 117901
451285 129687
447772 141316
443989 152762
439913 164084
435607 175174
431062 186059
426250 196813
421177 207435
415877 217883
410241 228273
404417 238444
398373 248390
392064 258196
385563 267790
378858 277166
371927 286372
364774 295380
357533 304092
350096 312589
342469 320905
334692 328990
326756 336865
2.85574e-11 468566
11421.5 468643
22617.7 468188
34093.6 467515
45827.7 466489
56900.4 465336
68149.3 463758
79319.4 462079
90514.5 459971
101719 457641
112809 455110
123840 452153
134776 449138
145559 445693
156327 442122
166838 438242
177308 434171
187696 429776
197803 425281
207803 420487
217769 415457
227618 410165
237380 404625
247029 398838
256579 392791
265970 386529
275189 380051
284223 373342
293091 366479
301739 359375
310295 352058
318597 344561
