469853 0
469727 11531
469283 23091.4
468570 34764
467539 46501.2
466190 58382.2
464525 70347.9
462556 82216.3
460258 94127.5
457651 106031
454718 117885
451477 129667
447948 141290
444149 152730
440056 164044
435733 175123
431171 185995
426343 196736
421253 207345
415935 217779
410283 228159
404442 238318
398383 248253
392061 258050
385546 267634
378829 277000
371886 286197
364721 295194
357467 303892
350020 312374
342384 320674
334601 328742
326660 336601
2.85574e-11 468648
11423.9 468703
22621 468247
34098.2 467569
45834.8 466539
56908.3 465372
68161.2 463791
79332.5 462090
90530 459974
101737 457626
112824 455071
123854 452104
134784 449060
145564 445602
156325 442004
166831 438107
177292 434013
187673 429602
197771 425084
207763 420276
217720 415229
227562 409924
237316 404372
246959 398573
256504 392516
265891 386244
275105 379759
284136 373047
292998 366180
301644 359081
310197 351770
318499 344284
