469614 0
469477 11539.2
469044 23112.5
468321 34806.2
467289 46569.1
465937 58481.8
464260 70479
462280 82377.3
459971 94321.7
457342 106258
454393 118147
451132 129966
447586 141627
443771 153100
439669 164443
435334 175539
430766 186417
425934 197158
420839 207768
415509 218200
409860 228593
404008 238758
397948 248703
391633 258512
385123 268106
378417 277482
371493 286682
364364 295679
357149 304358
349758 312826
342175 321112
334436 329173
326533 337024
2.85574e-11 469016
11421.5 468941
22606 468518
34075.4 467842
45819.5 466836
56893.7 465644
68172.1 464118
79354.6 462374
90573.4 460305
101803 457965
112880 455390
123930 452495
134841 449409
145633 446017
156380 442400
166887 438544
177338 434449
187723 430067
197808 425543
207801 420756
217748 415709
227581 410413
237329 404862
246968 399062
256517 392996
265908 386706
275126 380203
284165 373482
293003 366589
301633 359499
310144 352181
318413 344708
