469954 0
469920 11669.3
469262 23329.6
468673 35049.8
467606 46787.1
466256 58603
464835 70512
462911 82304.3
460459 94059.7
457936 105839
455017 117541
451888 129186
448517 140720
444739 152086
440507 163312
436244 174432
431736 185383
426850 196149
421840 206809
416636 217316
410759 227527
405099 237733
399156 247722
392730 257428
386292 267062
379652 276508
372614 285674
365303 294583
358213 303478
350719 312009
342949 320267
335141 328408
327216 336409
2.85574e-11 465781
11443.4 467983
22754.4 468282
34271.9 467184
45924.3 465467
57109.5 464759
68289.1 462968
79563.4 462114
90563.4 459053
101682 456863
112995 455176
123731 451338
134815 448853
145414 444804
156368 441857
166901 437876
177409 433758
187687 428992
197952 424725
207957 419847
218008 414956
227899 409687
237652 404105
247295 398296
256898 392376
266353 386270
275423 379605
284226 372656
293355 366130
301998 358954
310692 351740
318971 344104
