469716 0
469624 11547.7
469150 23115.7
468479 34781.3
467451 46501.2
466103 58350.9
464474 70289
462522 82132.4
460224 94009.6
457663 105886
454746 117703
451534 129449
448040 141043
444271 152468
440185 163775
435893 174877
431350 185783
426518 196549
421446 207181
416168 217643
410496 228001
404702 238168
398666 248107
392336 257887
385845 267478
379150 276852
372218 286051
365045 295039
357825 303776
350364 312274
342707 320589
334909 328688
326950 336586
2.85574e-11 467860
11423.9 468365
22639.1 467919
34124.5 467215
45846.9 466127
56940 465080
68153.5 463385
79334.3 461887
90493.2 459632
101668 457331
112800 454943
123770 451808
134756 448967
145497 445382
156299 441925
166801 437995
177290 433955
187663 429513
197801 425077
207789 420250
217768 415242
227625 409949
237396 404406
247052 398611
256609 392567
266015 386330
275236 379845
284247 373103
293175 366288
301819 359131
310425 351820
318745 344282
