467997 0
467966 11679.5
467353 23355.4
466777 35096.8
465733 46862.4
464391 58715.2
462947 70662.5
461036 82499.6
458638 94315.5
456140 106154
453240 117914
450107 129613
446727 141194
442974 152611
438794 163896
434560 175061
430078 186052
425230 196866
420247 207570
415080 218125
409284 228418
403658 238678
397754 248723
391396 258510
385011 268215
378432 277734
371486 287000
364272 296022
357241 304992
349827 313622
342150 322001
334415 330248
326551 338345
2.85574e-11 471040
11469.6 473005
22787.7 473154
34321.9 472120
46014.3 470508
57211.8 469728
68410.3 467874
79689.6 466871
90722.7 463866
101861 461581
113159 459700
123923 455871
135003 453260
145607 449163
156531 446020
167038 441923
177529 437717
187804 432897
198030 428494
207996 423489
217999 418443
227843 413033
237558 407323
247157 401378
256703 395300
266104 389051
275153 382306
283935 375274
292978 368575
301545 361262
310157 353900
318374 346156
