469336 0
469201 11537.7
468776 23110.3
468066 34804.8
467051 46570
465721 58486.8
464069 70489.5
462117 82394.6
459838 94347.5
457241 106293
454324 118193
451096 130025
447580 141698
443793 153184
439718 164540
435409 175647
430863 186535
426053 197286
420978 207905
415664 218346
410029 228746
404187 238918
398133 248866
391820 258678
385308 268269
378595 277642
371661 286834
364519 295821
357290 304486
349883 312936
342282 321204
334524 329243
326602 337072
2.85574e-11 469087
11423.7 469005
22609.5 468580
34080.1 467894
45825.9 466879
56900.9 465672
68180.3 464132
79362 462368
90579.1 460282
101806 457922
112878 455328
123923 452416
134826 449312
145612 445907
156352 442276
166854 438411
177300 434309
187682 429922
197767 425396
207759 420608
217707 415560
227542 410266
237290 404719
246931 398926
256484 392871
265881 386596
275107 380110
284157 373410
293007 366539
301652 359474
310179 352180
318465 344732
