468968 0
468833 11551.9
468401 23136.5
467684 34839.6
466658 46610.5
465314 58530
463648 70534.2
461681 82440
459386 94392.1
456773 106337
453841 118235
450600 130063
447072 141733
443276 153216
439195 164570
434882 175678
430336 186571
425529 197330
420462 207959
415162 218415
409542 228831
403720 239023
397687 248995
391398 258832
384912 268453
378227 277856
371324 287084
364213 296110
357015 304821
349638 313319
342069 321636
334344 329726
326454 337607
2.85574e-11 470263
11428 470204
22620.8 469773
34097.3 469092
45845.4 468077
56923.9 466880
68202.5 465337
79386.6 463586
90605.9 461498
101835 459141
112917 456552
123967 453629
134883 450529
145675 447107
156424 443470
166931 439584
177382 435466
187764 431054
197849 426506
207837 421691
217781 416618
227611 411294
237354 405717
246987 399890
256527 393799
265907 387484
275113 380955
284137 374207
292964 367290
301582 360170
310085 352823
318344 345320
