468945 0
468837 11548.3
468381 23121.9
467690 34801.3
466662 46541.4
465316 58419.4
463665 70384.4
461701 82253.5
459400 94161.1
456809 106064
453877 117911
450644 129687
447127 141308
443339 152754
439249 164081
434938 175190
430385 186100
425558 196877
420482 207519
415193 217990
409551 228385
403755 238575
397734 248542
391445 258367
384981 267995
378316 277411
371424 286665
364301 295722
357101 304506
349681 313067
342066 321447
334303 329598
326380 337541
2.85574e-11 471422
11445.8 471678
22671.1 471196
34172.7 470489
45920.9 469403
57017.8 468250
68261.2 466561
79444.2 464898
90628.1 462659
101821 460263
112928 457706
123927 454583
134881 451553
145632 447949
156401 444328
166888 440324
177345 436168
187700 431653
197793 427085
207757 422179
217697 417064
227517 411679
237251 406048
246871 400169
256390 394037
265752 387703
274937 381147
283925 374352
292784 367439
301396 360246
309944 352870
318225 345295
