468110 0
468071 11656.7
467503 23314.6
466910 35043.2
465868 46801.1
464514 58655
463006 70601.9
461084 82445.1
458727 94286.5
456228 106145
453326 117928
450165 129644
446749 141233
443000 152662
438862 163966
434625 175127
430133 186106
425293 196916
420292 207609
415111 218151
409365 228474
403708 238720
397775 248744
391433 258540
385029 268226
378428 277720
371505 286988
364317 296018
357243 304939
349822 313546
342161 321924
334416 330145
326529 338198
2.85574e-11 471188
11463.3 472774
22760.6 472711
34289.1 471784
46002.2 470346
57179.6 469494
68378.8 467627
79633.9 466480
90704.3 463664
101848 461354
113101 459308
123915 455637
134977 452975
145609 448977
156493 445714
166987 441620
177481 437453
187784 432726
197985 428297
207944 423301
217928 418229
227766 412815
237489 407121
247095 401182
256630 395073
266024 388802
275123 382119
283963 375151
292961 368390
301520 361075
310113 353698
318347 345987
