469358 0
469224 11539.4
468799 23112.7
468090 34806.4
467078 46569.6
465751 58483.4
464104 70483
462157 82385.3
459883 94335.2
457292 106278
454381 118176
451158 130005
447647 141675
443864 153158
439792 164510
435483 175613
430938 186498
426128 197245
421051 207861
415735 218299
410097 228696
404250 238865
398189 248810
391869 258617
385349 268205
378628 277572
371687 286760
364538 295743
357302 304405
349889 312854
342283 321121
334521 329159
326595 336987
2.85574e-11 469152
11426 469079
22615.2 468649
34088.5 467962
45834.9 466941
56910.7 465733
68188.4 464184
79369.5 462418
90585.4 460322
101810 457954
112884 455353
123928 452426
134833 449315
145618 445894
156358 442253
166857 438373
177300 434259
187677 429859
197756 425323
207742 420527
217686 415475
227517 410179
237265 404632
246907 398840
256460 392786
265857 386512
275084 380027
284133 373326
292985 366456
301632 359389
310162 352095
318452 344646
