467287 0
467247 11654.5
466702 23312.9
466116 35045.2
465096 46810.8
463765 58677.7
462268 70638.4
460377 82499.5
458073 94367.3
455614 106252
452759 118065
449640 129812
446266 141431
442572 152891
438502 164232
434315 175422
429870 186429
425084 197271
420123 207994
414978 218563
409290 228930
403657 239201
397749 249247
391447 259073
385068 268779
378490 278288
371603 287581
364451 296639
357386 305566
349984 314186
342346 322584
334610 330812
326724 338863
2.85574e-11 471252
11455 472699
22739.7 472571
34261.6 471688
45977.3 470321
57143.5 469459
68342.9 467617
79587.8 466443
90674.4 463726
101824 461439
113063 459368
123904 455791
134964 453142
145618 449219
156497 445952
167000 441898
177505 437776
187831 433112
198035 428703
208006 423742
217997 418692
227847 413307
237587 407648
247208 401739
256754 395647
266158 389388
275285 382744
284158 375810
293148 369039
301714 361733
310306 354354
318546 346654
