467800 0
467698 11567
467245 23158
466571 34852.8
465563 46607.1
464244 58498.5
462632 70478.5
460712 82364.6
458462 94291.1
455933 106216
453067 118088
449905 129892
446462 141544
442750 153025
438734 164391
434499 175543
430019 186499
425260 197322
420251 208011
415027 218530
409437 228967
403695 239200
397719 249208
391465 259068
385032 268731
378393 278177
371522 287453
364415 296527
357235 305328
349830 313902
342231 322293
334483 330460
326573 338419
2.85574e-11 471408
11437.2 471717
22656.8 471248
34152 470556
45892.8 469490
56987.7 468382
68225.5 466718
79409.6 465119
90592.9 462913
101788 460572
112908 458087
123911 455001
134882 452050
145645 448487
156434 444936
166939 440980
177418 436879
187793 432407
197910 427889
207893 423018
217854 417938
227693 412580
237444 406970
247077 401107
256606 394984
265976 388657
275163 382098
284147 375294
293008 368377
301612 361168
310156 353781
318428 346188
