470645 0
470644 11708.6
469909 23399.4
469732 35142.1
469303 46912.2
468882 58746.3
468576 70666.6
467188 82458.9
464652 94067.1
462069 105671
459182 117207
456291 128740
453116 140188
449093 151371
444240 162260
439496 173125
434600 183877
429315 194421
424048 204914
418552 215251
412175 225110
406476 235246
400591 245246
394015 254813
387476 264350
380580 273612
372952 282314
365031 290706
357707 299449
349957 307804
341940 315866
334135 324058
326381 332285
2.85574e-11 470280
11575.5 473735
23120 474214
34500.7 470992
45699.8 466595
56963.8 464775
68136.2 462442
79546 461817
90381.7 457845
101595 455976
113160 455394
123822 451158
135013 448880
145571 444514
156720 441980
167203 437544
177345 432316
187019 426146
197125 421209
207081 416011
217266 411262
227306 406187
237142 400714
246846 394999
256504 389176
265829 382839
274343 375401
282674 367829
292032 361554
300948 354666
309922 347771
318212 340099
