468847 0
468715 11553.9
468282 23139.5
467568 34841.7
466546 46610.6
465207 58527
463548 70527.9
461589 82431
459303 94380.1
456701 106322
453780 118217
450550 130044
447034 141712
443250 153194
439179 164548
434876 175659
430339 186557
425540 197322
420480 207958
415187 218420
409571 228840
403755 239035
397727 249010
391441 258849
384959 268473
378276 277880
371373 287111
364258 296142
357055 304857
349670 313359
342094 321679
334363 329771
326468 337655
2.85574e-11 470404
11429.3 470362
22625.4 469925
34104.1 469243
45851.7 468222
56930.2 467026
68205 465472
79387.3 463724
90603.3 461627
101829 459266
112912 456676
123961 453739
134879 450642
145671 447207
156423 443571
166931 439677
177384 435556
187767 431138
197854 426589
207844 421767
217790 416691
227621 411363
237364 405782
246995 399951
256531 393857
265906 387542
275108 381013
284128 374265
292956 367349
301577 360226
310087 352878
318352 345370
