468406 0
468277 11557.4
467847 23145.6
467143 34848.8
466132 46618.2
464809 58534.4
463171 70535.9
461234 82440.7
458974 94392
456402 106337
453511 118237
450314 130068
446832 141742
443081 153232
439042 164596
434771 175720
430263 186635
425491 197418
420456 208072
415187 218553
409592 228988
403797 239200
397786 249190
391513 259044
385042 268681
378369 278099
371471 287341
364358 296381
357155 305108
349768 313622
342189 321952
334458 330052
326562 337943
2.85574e-11 470503
11427.9 470490
22624.8 470048
34103.6 469370
45848.2 468350
56925.6 467166
68194.5 465610
79374.3 463881
90586.5 461785
101808 459434
112895 456860
123942 453922
134868 450845
145659 447410
156418 443790
166930 439899
177390 435790
187776 431377
197870 426839
207865 422023
217820 416956
227659 411634
237410 406059
247049 400235
256591 394147
265973 387838
275179 381314
284203 374566
293039 367653
301662 360526
310178 353177
318445 345662
