469490 0
469379 11535.5
468928 23096.7
468238 34764.2
467218 46492.9
465882 58360.4
464242 70314.9
462295 82174.1
460014 94073.4
457442 105968
454533 117810
451324 129582
447829 141199
444064 152641
439996 163964
435702 175068
431163 185971
426348 196741
421277 207374
415988 217833
410342 228216
404532 238387
398493 248332
392181 258130
385687 267723
378987 277099
372060 286306
364903 295311
357668 304037
350221 312542
342580 320864
334792 328958
326844 336842
2.85574e-11 468317
11423 468548
22626.9 468084
34108 467407
45838.4 466366
56917.9 465255
68151.3 463634
79322.3 462026
90502.9 459874
101694 457560
112799 455084
123808 452070
134765 449128
145534 445636
156316 442113
166826 438217
177305 434165
187690 429758
197809 425286
207806 420482
217778 415461
227632 410169
237400 404628
247054 398837
256607 392788
266004 386533
275225 380054
284249 373333
293137 366486
301781 359363
310356 352050
318665 344538
