470309 0
470276 11641.8
469658 23279.8
469069 34982.9
468006 46709.2
466642 58521.5
465165 70427.2
463224 82221.9
460795 93994.1
458260 105787
455317 117499
452137 129149
448706 140677
444901 152040
440669 163267
436376 174371
431831 185297
426919 196042
421867 206676
416628 217157
410764 227371
405062 237549
399079 247507
392646 257204
386183 266816
379525 276238
372505 285406
365218 294325
358106 303190
350617 311713
342867 319981
335058 328116
327121 336097
2.85574e-11 465968
11439.1 467919
22735.8 468067
34249.1 467061
45919.4 465489
57092.8 464741
68272.1 462927
79531.4 461969
90557.2 459030
101680 456810
112964 454993
123730 451248
134803 448722
145414 444719
156336 441666
166853 437667
177359 433568
187655 428861
197899 424567
207890 419674
217919 414743
227797 409449
237550 403860
247192 398037
256782 392081
266232 385955
275340 379336
284185 372429
293281 365851
301911 358656
310586 351414
318873 343789
