468361 0
468236 11553.7
467800 23137
467099 34833.4
466085 46595.2
464759 58502.2
463121 70495.2
461185 82392.1
458923 94333.9
456356 106270
453467 118159
450273 129978
446794 141641
443047 153122
439009 164479
434741 175602
430235 186519
425463 197307
420431 207965
415169 218450
409574 228884
403787 239098
397782 249088
391513 258942
385049 268583
378380 278007
371487 287260
364371 296315
357164 305068
349764 313606
342174 321962
334433 330085
326531 337998
2.85574e-11 470752
11431.2 470796
22634.8 470341
34119 469662
45863.8 468632
56944.1 467460
68205.4 465879
79383.4 464170
90588.4 462053
101803 459701
112895 457139
123933 454171
134868 451115
145655 447653
156420 444042
166931 440135
177395 436025
187780 431597
197878 427058
207871 422227
217826 417153
227664 411819
237412 406233
247046 400399
256580 394302
265953 387988
275151 381458
284163 374699
293000 367782
301618 360634
310139 353271
318407 345735
