469508 0
469393 11532
468946 23091.4
468251 34759.7
467231 46491.2
465895 58364
464250 70323.4
462298 82187.3
460016 94092.4
457435 105992
454522 117839
451305 129616
447802 141237
444028 152680
439956 164003
435657 175102
431115 185999
426301 196764
421231 207394
415938 217850
410299 228236
404485 238407
398446 248352
392138 258155
385643 267749
378944 277126
372018 286335
364864 295346
357627 304071
350181 312578
342544 320902
334756 328996
326810 336878
2.85574e-11 468367
11421.4 468534
22621.3 468072
34099.6 467399
45830.7 466367
56906.6 465241
68145.5 463641
79315.4 462007
90501.9 459878
101699 457561
112798 455066
123817 452080
134766 449113
145543 445645
156321 442106
166833 438222
177311 434166
187699 429768
197815 425290
207814 420492
217784 415470
227636 410179
237401 404639
247051 398850
256600 392803
265991 386547
275209 380071
284236 373359
293114 366507
301760 359394
310329 352081
318637 344575
