467295 0
467260 11685.8
466669 23369.2
466086 35118.5
465046 46892.4
463706 58756.7
462244 70714.2
460352 82566.1
458007 94409
455549 106274
452693 118064
449595 129793
446250 141402
442556 152853
438456 164179
434280 175373
429849 186391
425059 197238
420118 207970
414990 218552
409261 228892
403656 239174
397770 249234
391449 259048
385082 268764
378519 278289
371610 287575
364431 296619
357396 305580
349993 314212
342333 322601
334598 330842
326724 338920
2.85574e-11 471113
11462.3 472892
22767.3 472937
34296.4 471968
45997.9 470460
57183 469659
68380.4 467813
79645.8 466759
90700 463872
101842 461601
113119 459666
123915 455947
134991 453346
145619 449331
156530 446161
167040 442097
177545 437945
187847 433204
198072 428818
208046 423844
218049 418810
227900 413422
237629 407744
247242 401826
256794 395756
266204 389518
275291 382824
284115 375840
293143 369120
301710 361811
310316 354445
318544 346720
