469940 0
469901 11642
469304 23281.5
468704 34987.1
467643 46716.6
466273 58535.2
464770 70445.9
462834 82249.2
460441 94041.2
457926 105853
455006 117586
451838 129255
448417 140801
444645 152184
440467 163439
436205 174558
431686 185498
426808 196262
421775 206909
416555 217403
410737 227652
405039 237840
399059 247802
392649 257516
386191 267130
379537 276550
372542 285729
365281 294664
358160 303515
350677 312035
342942 320311
335132 328439
327186 336403
2.85574e-11 466157
11435.4 467925
22721 467969
34230.5 467021
45911.1 465542
57074.5 464766
68253.8 462952
79500.8 461931
90545.9 459096
101673 456875
112936 454990
123730 451337
134797 448802
145426 444861
156333 441763
166848 437778
177360 433714
187676 429065
197912 424771
207904 419892
217928 414956
227805 409670
237566 404098
247214 398288
256803 392326
266255 386199
275394 379620
284272 372750
293349 366144
301976 358948
310642 351698
318937 344088
