468887 0
468752 11543.1
468328 23121.9
467619 34824.4
466607 46599
465279 58526.5
463631 70540.6
461682 82457.2
459408 94422.4
456816 106381
453905 118294
450684 130139
447176 141826
443397 153326
439333 164697
435034 175819
430502 186722
425706 197489
420646 208124
415350 218581
409734 229000
403911 239190
397878 249158
391585 258989
385092 268602
378399 277997
371483 287211
364360 296219
357149 304903
349761 313372
342179 321657
334441 329715
326538 337564
2.85574e-11 469798
11426 469708
22612.6 469286
34085.1 468601
45834.7 467588
56913.4 466380
68198.3 464844
79384.7 463078
90606.6 460994
101838 458634
112912 456038
123960 453128
134863 450017
145650 446612
156389 442974
166890 439105
177333 434995
187713 430602
197795 426066
207784 421273
217729 416219
227560 410921
237306 405369
246946 399569
256497 393505
265892 387217
275115 380717
284161 374000
293003 367111
301638 360027
310149 352713
318419 345245
