470288 0
470225 11578.6
469703 23167.5
469066 34838.9
468017 46551
466644 58374.5
465042 70288.1
463077 82103.6
460729 93936.5
458174 105777
455230 117546
452001 129244
448503 140801
444708 152194
440564 163467
436259 174565
431695 185469
426813 196218
421727 206835
416454 217293
410705 227586
404935 237744
398902 247674
392521 257413
386025 267002
379328 276385
372359 285570
365139 294528
357947 303303
350464 311802
342769 320099
334958 328206
326992 336124
2.85574e-11 467013
11428.7 468056
22673 467753
34169 466962
45878.2 465741
57002.9 464810
68194 463016
79401.1 461717
90513.8 459220
101663 456940
112847 454738
123737 451364
134763 448669
145447 444903
156283 441569
166777 437580
177274 433530
187621 428998
197795 424613
207772 419740
217760 414746
227621 409443
237387 403883
247038 398072
256601 392047
266024 385853
275221 379347
284184 372565
293175 365837
301803 358653
310439 351369
318756 343804
