469807 0
469678 11535.6
469237 23101
468522 34779.3
467491 46522.2
466143 58409.3
464477 70380.5
462507 82254.1
460209 94170.9
457598 106080
454663 117940
451419 129729
447887 141359
444085 152804
439991 164122
435665 175203
431102 186074
426272 196814
421180 207423
415857 217857
410204 228239
404357 238399
398293 248336
391968 258134
385449 267717
378729 277082
371787 286275
364630 295268
357386 303959
349956 312438
342339 320736
334573 328805
326646 336666
2.85574e-11 468755
11424.4 468779
22620.4 468329
34097.2 467651
45835.9 466624
56909.5 465449
68167.4 463878
79340 462163
90541.5 460055
101752 457705
112836 455141
123872 452187
134797 449129
145580 445682
156338 442076
166844 438185
177303 434088
187686 429681
197781 425160
207775 420355
217732 415308
227573 410005
237329 404453
246974 398656
256522 392598
265911 386324
275128 379837
284162 373123
293019 366250
301662 359153
310205 351838
318498 344352
