469559 0
469439 11530.4
468995 23089.3
468294 34759
467271 46493.2
465933 58370.2
464282 70333.5
462327 82200.8
460041 94110.2
457453 106013
454536 117865
451314 129647
447805 141270
444025 152713
439950 164034
435646 175126
431102 186014
426289 196771
421217 207394
415920 217844
410282 228230
404462 238398
398419 248341
392110 258143
385612 267735
378910 277111
371982 286319
364828 295331
357586 304052
350142 312559
342505 320883
334718 328975
326773 336855
2.85574e-11 468454
11420.8 468571
22618 468112
34094.4 467440
45826.4 466412
56899.9 465271
68143.7 463684
79313.3 462026
90504.4 459910
101706 457587
112800 455072
123825 452103
134768 449110
145548 445655
156320 442099
166832 438217
177306 434153
187694 429757
197804 425269
207803 420474
217771 415447
227620 410155
237382 404615
247029 398827
256577 392781
265966 386522
275183 380046
284212 373337
293085 366479
301733 359371
310296 352055
318603 344553
