468639 0
468537 11556.3
468077 23136.2
467397 34819.3
466374 46561.3
465033 58439
463396 70404.6
461444 82275.1
459153 94183.1
456581 106088
453665 117937
450451 129714
446953 141338
443185 152789
439110 164123
434820 175244
430285 186168
425473 196958
420415 207614
415149 218100
409515 228502
403740 238704
397734 248684
391453 258516
385002 268156
378348 277583
371466 286844
364348 295904
357163 304699
349748 313267
342137 321653
334377 329815
326455 337770
2.85574e-11 471487
11445.4 471829
22673.4 471352
34175.8 470640
45921.1 469545
57022.1 468419
68259.1 466712
79445.6 465091
90623.5 462830
101813 460446
112930 457926
123919 454774
134885 451787
145631 448162
156409 444571
166898 440563
177362 436420
187718 431901
197820 427350
207785 422442
217730 417334
227555 411951
237292 406321
246913 400442
256434 394311
265799 387981
274985 381422
283969 374618
292841 367711
301453 360504
310011 353123
318295 345533
