469535 0
469397 11539.5
468963 23114
468237 34810.5
467203 46577.2
465846 58494.9
464162 70497.1
462175 82400
459858 94349.1
457220 106289
454261 118182
450990 130006
447433 141670
443606 153146
439494 164493
435149 175592
430571 186472
425729 197215
420625 207826
415286 218259
409631 228652
403774 238818
397712 248763
391397 258574
384888 268170
378184 277551
371264 286757
364141 295762
356934 304448
349552 312923
341979 321220
334250 329292
326358 337156
2.85574e-11 469851
11427.5 469765
22616.2 469342
34090.5 468658
45841 467644
56920.7 466437
68205.7 464899
79392.7 463133
90615.2 461045
101847 458682
112923 456081
123972 453163
134877 450047
145664 446630
156404 442981
166904 439098
177346 434972
187723 430561
197801 426007
207785 421191
217723 416113
227546 410787
237281 405207
246908 399378
256444 393286
265822 386970
275027 380443
284055 373700
292880 366786
301498 359679
309995 352342
318251 344855
