470466 0
470417 11703.1
469605 23385
469018 35122.5
467971 46871.8
466730 58686.8
465525 70594.4
463608 82358.9
460952 94014.7
458310 105699
455353 117315
452320 128910
449077 140422
445278 151748
440892 162895
436576 173994
432057 184955
427134 195719
422144 206395
416926 216910
410898 227030
405301 237263
399448 247308
393010 257002
386618 266667
379986 276132
372811 285214
365352 294023
358291 302972
350773 311517
342943 319743
335165 327936
327327 336048
2.85574e-11 465524
11475.9 468484
22853.8 469170
34370.5 467467
45912.6 464919
57139.4 464108
68322.1 462320
79650.1 461763
90562.3 458282
101686 456225
113105 455030
123759 450922
134880 448551
145453 444372
156517 441767
167090 437777
177541 433412
187677 428256
197960 423932
207994 419054
218122 414310
228072 409153
237843 403628
247498 397883
257133 392073
266564 385970
275430 379053
284046 371902
293297 365565
302048 358525
310851 351453
319118 343793
