468420 0
468334 11571.4
467859 23162.6
467198 34850.8
466174 46593.1
464832 58464.6
463213 70425.9
461267 82292.6
458973 94192.3
456422 106093
453512 117933
450308 129701
446826 141320
443069 152770
438994 164105
434720 175238
430198 186178
425387 196979
420343 207647
415100 218149
409458 228543
403708 238756
397718 248743
391432 258572
384994 268221
378355 277660
371477 286926
364358 295985
357198 304803
349789 313381
342180 321777
334428 329961
326513 337944
2.85574e-11 471539
11446.9 472097
22684.4 471647
34190.6 470912
45930.9 469782
57044.6 468709
68269.2 466954
79466.2 465425
90628.4 463084
101808 460718
112950 458275
123910 455035
134901 452129
145627 448436
156424 444902
166910 440872
177384 436739
187733 432193
197853 427668
207814 422742
217765 417641
227592 412253
237331 406616
246953 400728
256474 394596
265847 388275
275028 381704
283997 374873
292895 367983
301499 360739
310069 353347
318347 345722
