468714 0
468581 11545.9
468160 23126.6
467457 34829.6
466453 46603.7
465135 58530
463499 70543.1
461565 82459.4
459307 94424.6
456733 106384
453840 118298
450637 130145
447148 141834
443388 153337
439340 164711
435058 175837
430539 186744
425756 197515
420707 208154
415420 218616
409810 229038
403992 239232
397960 249202
391668 259035
385175 268649
378479 278042
371561 287255
364434 296261
357217 304945
349822 313414
342231 321698
334483 329754
326569 337599
2.85574e-11 469941
11427.2 469858
22616.3 469431
34090.2 468743
45839.1 467723
56916.9 466511
68198.6 464965
79382.5 463194
90601.5 461100
101830 458732
112903 456129
123949 453207
134853 450093
145639 446677
156380 443036
166881 439161
177326 435047
187708 430650
197791 426111
207783 421312
217729 416252
227561 410945
237307 405386
246945 399579
256494 393511
265887 387222
275109 380723
284154 374009
292999 367125
301639 360046
310159 352737
318439 345274
