469566 0
469461 11539.5
469002 23103
468316 34769.8
467292 46495.4
465951 58357
464312 70305.6
462362 82159
460075 94050.9
457506 105939
454594 117773
451384 129535
447889 141144
444123 152580
440050 163897
435757 174999
431217 185902
426397 196670
421327 207302
416041 217762
410389 228138
404584 238308
398548 248251
392233 258045
385742 267640
379045 277017
372118 286224
364955 295227
357722 303958
350266 312460
342617 320780
334820 328873
326864 336760
2.85574e-11 468220
11422.9 468528
22629.5 468064
34111.3 467381
45838.7 466327
56921.3 465234
68148 463590
79321.2 462012
90495.8 459833
101682 457521
112794 455067
123793 452017
134759 449104
145520 445583
156307 442077
166815 438169
177297 434120
187678 429701
197802 425239
207795 420427
217768 415409
227623 410115
237392 404572
247047 398777
256601 392726
265998 386472
275216 379987
284234 373258
293130 366417
301774 359283
310358 351972
318674 344454
