474572 0
474587 11650.4
473897 23281.1
473839 34952.5
473582 46643.7
473376 58385.6
473294 70206.3
472044 81907.4
469542 93397.5
466955 104858
464037 116235
461102 127604
457838 138884
453646 149865
448564 160499
443583 171109
438451 181612
432929 191904
427435 202162
421707 212269
415097 221874
409200 231809
403126 241624
396347 250984
389594 260318
382463 269360
374574 277803
366394 285937
358832 294486
350866 302659
342651 310561
334679 318641
326785 326785
2.85574e-11 466378
11537.3 469977
23110.8 470431
34440.4 466897
45512.4 462095
56737.2 460012
67865.9 457516
79268.2 456834
90056.1 452743
101253 450899
112825 450424
123468 446154
134648 443874
145172 439442
156316 436873
166753 432290
176800 426834
186358 420416
196426 415309
206386 410019
216616 405261
226718 400213
236620 394777
246394 389099
256116 383306
265486 376961
274015 369467
282399 361861
291875 355651
300935 348867
310056 342094
318484 334514
