468386 0
468326 11610.8
467807 23231.7
467177 34935.2
466139 46679.6
464778 58536
463194 70483.6
461249 82333.7
458923 94202.3
456395 106080
453480 117888
450285 129626
446825 141226
443070 152664
438968 163985
434710 175133
430196 186091
425364 196894
420334 207571
415120 218090
409430 228448
403723 238674
397755 248676
391438 258490
385008 268158
378377 277622
371475 286893
364320 295939
357194 304805
349775 313397
342141 321789
334391 329993
326485 338009
2.85574e-11 471430
11453 472480
22717.3 472171
34233.4 471358
45962.9 470108
57107.2 469146
68314.4 467312
79538.5 465969
90660.1 463413
101821 461072
113015 458807
123904 455355
134935 452582
145612 448729
156446 445309
166928 441228
177412 437081
187739 432449
197896 427965
207847 422989
217808 417891
227638 412482
237369 406815
246982 400896
256505 394764
265885 388463
275034 381850
283946 374961
292889 368129
301464 360842
310046 353455
318306 345789
