469437 0
469308 11540.4
468871 23110.9
468161 34794.9
467138 46543.9
465800 58437.9
464146 70416.4
462190 82297.7
459907 94223.5
457312 106142
454395 118013
451170 129814
447658 141456
443877 152914
439804 164245
435499 175339
430957 186224
426149 196977
421078 207599
415775 218048
410142 228447
404313 238622
398267 248575
391958 258389
385453 267988
378746 277366
371814 286570
364666 295573
357429 304269
350006 312751
342393 321049
334630 329117
326705 336975
2.85574e-11 468779
11421.4 468794
22614 468348
34087.7 467676
45824.7 466659
56896.5 465490
68155.3 463934
79328.4 462227
90532.2 460137
101746 457802
112832 455251
123872 452319
134799 449273
145588 445847
156349 442255
166861 438382
177325 434299
187714 429907
197814 425398
207813 420605
217775 415566
227621 410271
237380 404726
247027 398934
256578 392882
265970 386612
275189 380127
284226 373418
293083 366546
301727 359452
310268 352140
318560 344659
