470061 0
469947 11525.5
469495 23078.1
468795 34738.9
467764 46462.1
466414 58325.4
464753 70274.6
462781 82127.4
460474 94019.8
457868 105906
454926 117737
451679 129497
448145 141100
444341 152526
440235 163831
435904 174913
431329 185792
426482 196538
421381 207148
416061 217583
410395 227947
404561 238098
398504 248024
392181 257808
385676 267388
378967 276754
372031 285953
364865 294954
357615 303672
350153 312169
342496 320481
334690 328559
326725 336426
2.85574e-11 468423
11427.2 468608
22632.9 468138
34116.4 467453
45851 466403
56930.9 465263
68169.7 463634
79341 461982
90524.7 459817
101718 457469
112815 454945
123825 451914
134771 448918
145535 445405
156305 441833
166805 437909
177271 433818
187644 429384
197747 424877
207731 420049
217688 415003
227528 409690
237281 404134
246922 398332
256464 392277
265850 386018
275066 379544
284093 372837
292978 365998
301632 358894
310213 351597
318535 344105
