469751 0
469620 11539.2
469181 23108.8
468465 34792.3
467436 46540.8
466090 58434.4
464423 70412
462454 82291.4
460156 94215
457543 106131
454607 117998
451361 129795
447827 141432
444022 152884
439926 164207
435598 175290
431032 186162
426201 196901
421107 207508
415782 217942
410129 228327
404280 238488
398216 248427
391894 258229
385377 267815
378661 277183
371723 286376
364573 295369
357336 304054
349917 312526
342310 320818
334551 328881
326630 336736
2.85574e-11 468855
11424.2 468850
22618.1 468405
34093.4 467726
45833.3 466703
56906.5 465519
68169.2 463957
79343.6 462229
90549.4 460128
101764 457776
112847 455204
123886 452262
134808 449191
145594 445755
156349 442142
166856 438256
177313 434156
187696 429752
197789 425228
207782 420425
217737 415375
227577 410072
237331 404519
246974 398719
256522 392659
265911 386381
275128 379891
284163 373178
293017 366302
301659 359211
310198 351898
318488 344419
