469840 0
469785 11590.3
469258 23189.1
468639 34868.1
467601 46585.9
466242 58412.2
464673 70330.2
462732 82150.1
460399 93984.4
457875 105829
454957 117603
451761 129306
448298 140872
444532 152276
440407 163560
436133 174675
431598 185599
426736 196363
421677 206999
416432 217476
410690 227775
404948 237949
398938 247895
392567 257640
386092 267244
379417 276643
372459 285840
365243 294807
358070 303604
350591 312114
342892 320413
335082 328525
327119 336449
2.85574e-11 466855
11427.2 468026
22676.8 467776
34173.4 466965
45877.2 465713
57007.5 464816
68194.2 463018
79406.7 461776
90507.7 459232
101651 456972
112849 454836
123723 451426
134759 448780
145435 444996
156286 441718
166787 437743
177294 433711
187644 429179
197838 424827
207825 419966
217827 414995
227699 409707
237474 404156
247133 398352
256708 392343
266141 386166
275335 379654
284287 372863
293294 366159
301922 358973
310563 351697
318878 344128
