469511 0
469379 11546.2
468936 23122.7
468214 34812.9
467176 46567.6
465819 58466.9
464140 70449.6
462156 82333.5
459841 94260.8
457211 106180
454256 118049
450992 129847
447440 141485
443617 152938
439505 164262
435162 175346
430584 186219
425743 196960
420642 207571
415311 218009
409656 228400
403808 238569
397748 248519
391432 258333
384925 267934
378221 277320
371300 286534
364168 295552
356952 304265
349555 312770
341970 321097
334234 329197
326336 337092
2.85574e-11 470606
11436.1 470599
22641.1 470145
34127.3 469452
45877.4 468409
56959.4 467202
68229.5 465610
79410 463849
90619.9 461709
101838 459315
112921 456696
123958 453704
134876 450580
145656 447089
156402 443420
166898 439476
177343 435318
187712 430856
197789 426274
207765 421414
217701 416308
227521 410949
237254 405342
246876 399490
256402 393379
265769 387051
274964 380512
283978 373753
292811 366831
301432 359695
309948 352338
318216 344816
