469099 0
468974 11543.8
468530 23117
467818 34802.6
466788 46553
465442 58447.4
463779 70426.9
461813 82309.3
459519 94234.7
456917 106153
453989 118022
450756 129819
447235 141458
443445 152915
439363 164246
435052 175343
430504 186235
425690 196996
420617 207626
415317 218084
409685 228488
403866 238673
397830 248635
391533 258462
385045 268077
378355 277478
371440 286710
364304 295747
357078 304485
349658 313010
342050 321353
334293 329467
326377 337372
2.85574e-11 470844
11436.6 470898
22645.6 470435
34134.6 469744
45882.5 468696
56966 467508
68227.5 465899
79406.4 464168
90609.5 462015
101820 459628
112910 457030
123941 454016
134870 450922
145645 447411
156400 443759
166897 439806
177348 435655
187717 431184
197801 426609
207777 421742
217717 416636
227539 411273
237273 405662
246894 399806
256416 393692
265779 387365
274969 380826
283975 374061
292812 367144
301434 359996
309963 352636
318241 345103
