467819 0
467770 11747.6
466958 23474.3
466387 35257.1
465364 47052.5
464159 58914.5
463003 70868.6
461126 82680.1
458499 94383.1
455898 106116
452991 117785
450024 129437
446855 141009
443123 152398
438800 163613
434555 174784
430114 185821
425272 196667
420367 207427
415236 218028
409287 228240
403784 238568
398030 248713
391684 258511
385387 268282
378845 277854
371749 287044
364365 295965
357392 305029
349956 313692
342203 322040
334507 330358
326755 338599
2.85574e-11 471095
11509.1 474075
22907.5 474759
34439.2 472994
45997.8 470365
57254.2 469500
68460 467666
79811.9 467067
90729.6 463513
101876 461398
113317 460153
123968 455962
135100 453507
145668 449237
156742 446545
167303 442450
177732 437960
187834 432669
198099 428220
208109 423224
218215 418366
228138 413096
237872 407452
247488 401585
257079 395653
266456 389419
275248 382361
283791 375073
292994 368609
301687 361451
310432 354257
318624 346472
