469457 0
469426 11733.6
468618 23444.8
468257 35209.6
467567 46995
466824 58844.5
466182 70782.6
464563 82578.1
461916 94203.7
459270 105841
456348 117417
453441 128994
450302 140498
446417 151773
441784 162803
437274 173815
432615 184717
427570 195423
422528 206071
417259 216563
411117 226610
405601 236882
399880 247007
393486 256727
387133 266416
380449 275851
373065 284777
365379 293395
358237 302293
350642 310785
342750 318961
335017 327206
327293 335441
2.85574e-11 467604
11524.1 470988
23009.8 471605
34440.2 468853
45747.1 465026
56997.7 463606
68172.2 461549
79548.4 461091
90421 457355
101605 455578
113126 455000
123819 450927
135007 448794
145615 444639
156770 442293
167340 438167
177640 433353
187522 427622
197737 423031
207770 418082
217984 413490
228041 408527
237897 403157
247623 397540
257306 391821
266692 385634
275326 378399
283749 370994
293090 364760
301966 357865
310887 350936
319149 343260
