470315 0
470273 11621.4
469700 23243.9
469093 34936.5
468035 46657.3
466659 58472.9
465122 70380.1
463171 82182.6
460784 93981.8
458248 105797
455306 117534
452100 129202
448636 140741
444837 152117
440649 163366
436355 174468
431803 185385
426902 196131
421836 206757
416586 217229
410774 227477
405043 237646
399035 247589
392621 257299
386140 266897
379463 276298
372466 285471
365207 294403
358057 303222
350566 311726
342837 319999
335024 328112
327069 336057
2.85574e-11 466335
11435 467910
22711.1 467848
34218.4 466946
45909.7 465544
57064.5 464723
68245.7 462898
79481.9 461795
90544.3 459044
101675 456798
112915 454815
123731 451227
134787 448647
145426 444740
156310 441565
166814 437567
177321 433502
187645 428881
197863 424557
207847 419668
217858 414706
227729 409405
237489 403827
247136 398004
256713 392012
266154 385857
275306 379294
284205 372443
293253 365797
301872 358596
310525 351333
318823 343735
