469783 0
469648 11543.8
469207 23118.7
468479 34808.6
467437 46563.6
466074 58464.1
464384 70447.6
462390 82331.6
460063 94259.1
457418 106177
454448 118047
451166 129844
447597 141481
443757 152930
439628 164250
435268 175326
430674 186189
425818 196918
420702 207517
415356 217941
409689 228323
403827 238481
397756 248420
391431 258225
384915 267816
378203 277193
371276 286398
364142 295406
356924 304105
349527 312596
341943 320909
334207 328997
326307 336879
2.85574e-11 470474
11436.6 470440
22640.1 469991
34125.4 469295
45877.4 468252
56959.5 467033
68234.3 465446
79416.3 463667
90629.2 461528
101850 459125
112929 456491
123968 453502
134878 450359
145656 446870
156396 443185
166888 439239
177326 435070
187690 430604
197759 426013
207730 421151
217660 416040
227475 410680
237204 405072
246824 399219
256351 393109
265720 386783
274918 380247
283938 373494
292771 366577
301397 359452
309915 352104
318185 344594
