469086 0
468949 11536.6
468525 23110.4
467812 34810.2
466796 46583.6
465463 58511.5
463807 70526.1
461851 82442.8
459568 94408.1
456966 106366
454046 118279
450815 130123
447298 141810
443511 153311
439438 164685
435131 175810
430587 186717
425777 197487
420701 208122
415387 218575
409756 228987
403918 239167
397874 249123
391573 258944
385072 268547
378373 277933
371451 287140
364324 296142
357110 304817
349721 313276
342139 321551
334402 329600
326500 337439
2.85574e-11 469569
11425.4 469469
22609.2 469050
34080.4 468364
45831.5 467353
56911.3 466142
68199.9 464609
79388.4 462839
90612.3 460757
101846 458397
112917 455799
123965 452895
134864 449783
145649 446384
156385 442747
166882 438883
177321 434775
187698 430388
197775 425856
207761 421068
217700 416020
227527 410728
237269 405183
246906 399389
256457 393331
265853 387048
275077 380552
284126 373841
292969 366956
301605 359880
310115 352571
318383 345112
