468341 0
468272 11593
467774 23200.2
467137 34896
466109 46638.5
464760 58500.4
463165 70453.4
461224 82310.9
458915 94193.2
456382 106082
453471 117904
450275 129655
446807 141264
443053 152711
438964 164042
434699 175189
430178 186144
425351 196950
420311 207625
415083 218137
409409 228509
403684 238728
397705 248722
391401 258541
384971 268202
378342 277657
371458 286929
364326 295985
357196 304837
349789 313429
342172 321830
334427 330033
326520 338041
2.85574e-11 471496
11451 472353
22705 471977
34218 471198
45953.2 470001
57086.3 468997
68299.5 467188
79512.7 465773
90650.9 463306
101818 460955
112991 458619
123908 455252
134925 452433
145620 448643
156439 445179
166922 441117
177402 436980
187739 432386
197881 427889
207836 422934
217794 417837
227623 412439
237360 406787
246978 400884
256502 394753
265881 388447
275047 381855
283985 374993
292913 368138
301499 360866
310078 353476
318347 345824
