466672 0
466654 11777.4
465877 23534.6
465596 35344.9
465020 47178
464422 59075.4
463941 71059.1
462451 82907.7
459896 94588.8
457335 106279
454497 117911
451679 129544
448620 141102
444784 152426
440177 163501
435697 174560
431074 185511
426069 196271
421077 206977
415859 217531
409762 227644
404317 237991
398674 248197
392346 257997
386059 267766
379427 277277
372073 286269
364414 294958
357319 303939
349774 312521
341934 320795
334270 329152
326627 337508
2.85574e-11 473447
11562.4 476849
23076.7 477418
34503.2 474503
45798.4 470476
57080.1 468910
68278.4 466751
79684.7 466221
90561.7 462391
101780 460562
113332 459958
124024 455807
135227 453592
145827 449335
156992 446885
167533 442614
177778 437613
187586 431681
197763 426911
207764 421814
217960 417097
227996 412020
237824 406535
247516 400798
257159 394952
266483 388618
275023 381219
283358 373655
292658 367291
301489 360283
310364 353244
318558 345450
