469302 0
469164 11545.9
468730 23125.8
468005 34826
466970 46595.2
465614 58514.1
463933 70517.2
461948 82421.2
459634 94371.2
457001 106313
454047 118207
450784 130032
447235 141698
443418 153177
439316 164527
434983 175629
430416 186515
425588 197264
420497 207883
415173 218325
409531 228728
403689 238906
397640 248864
391338 258688
384842 268298
378151 277692
371243 286912
364132 295931
356936 304632
349564 313124
341999 321436
334279 329523
326394 337402
2.85574e-11 469973
11426 469898
22615 469474
34088.8 468795
45837.3 467786
56915.6 466590
68197.8 465058
79383.9 463307
90606 461230
101838 458880
112918 456295
123971 453387
134883 450288
145676 446880
156423 443247
166930 439372
177378 435257
187760 430853
197841 426308
207828 421497
217768 416426
227594 411105
237333 405528
246964 399700
256502 393606
265881 387287
275085 380755
284109 374004
292932 367082
301546 359963
310040 352615
318291 345113
