469271 0
469156 11540.2
468702 23107.5
468000 34783
466966 46520.9
465612 58399
463945 70363.1
461966 82230.4
459652 94136.9
457039 106037
454089 117882
450836 129656
447297 141273
443489 152713
439382 164033
435051 175131
430480 186028
425639 196793
420547 207423
415240 217880
409590 228269
403777 238448
397745 248404
391449 258223
384975 267840
378300 277247
371402 286491
364274 295542
357064 304312
349642 312865
342024 321236
334257 329376
326331 337306
2.85574e-11 471295
11443.9 471480
22664.9 470998
34163.4 470295
45912.2 469219
57004.8 468049
68254.2 466380
79435.4 464685
90625.6 462467
101824 460062
112923 457476
123931 454376
134874 451308
145630 447719
156390 444071
166876 440067
177326 435897
187680 431382
197763 426797
207725 421892
217659 416768
227474 411379
237203 405747
246819 399869
256335 393738
265695 387404
274882 380853
283877 374069
292730 367156
301348 359980
309893 352611
318178 345051
