469193 0
469075 11537.6
468627 23103.7
467924 34780.5
466896 46521.8
465548 58405.6
463886 70375.6
461915 82249.1
459611 94163.5
457003 106071
454063 117925
450818 129708
447286 141332
443484 152776
439387 164098
435065 175193
430505 186086
425679 196849
420598 207479
415299 217936
409661 228331
403849 238512
397818 248470
391525 258292
385048 267909
378370 277314
371467 286556
364337 295606
357119 304370
349693 312919
342072 321285
334301 329418
326371 337340
2.85574e-11 471110
11441.2 471241
22657.8 470763
34152.8 470064
45901 468997
56989.6 467816
68243 466167
79422.2 464453
90616.4 462259
101818 459856
112912 457260
123928 454190
134864 451108
145627 447546
156383 443893
166872 439908
177322 435744
187681 431247
197764 426667
207731 421778
217667 416664
227485 411289
237216 405669
246834 399806
256353 393689
265714 387365
274904 380827
283907 374059
292759 367150
301384 359990
309929 352627
318218 345079
