470184 0
470142 11692
469385 23367.3
468799 35099.4
467738 46844.9
466447 58660.1
465161 70569
463244 82344.8
460669 94039.6
458085 105762
455149 117413
452085 129028
448798 140549
445010 151892
440684 163072
436395 174184
431887 185147
426980 195915
421987 206589
416777 217104
410801 227257
405180 237480
399292 247505
392854 257201
386447 266857
379821 276322
372707 285445
365314 294303
358259 303247
350758 311798
342954 320043
335166 328223
327296 336299
2.85574e-11 465421
11464.3 468147
22815.3 468740
34338.4 467306
45931.1 465111
57144.5 464395
68327.7 462635
79637.9 461999
90580.2 458659
101699 456551
113082 455178
123758 451145
134866 448732
145444 444588
156473 441870
167036 437896
177518 433643
187717 428647
198002 424364
208025 419487
218120 414684
228039 409473
237791 403916
247432 398142
257052 392298
266496 386209
275444 379395
284131 372323
293342 365922
302048 358823
310806 351690
319073 344030
