469049 0
468928 11537.7
468487 23105
467785 34785
466763 46530.9
465423 58421.3
463769 70398.2
461809 82278.9
459517 94202
456921 106118
453994 117983
450763 129777
447243 141413
443455 152867
439371 164197
435060 175296
430511 186192
425696 196957
420622 207590
415325 218050
409691 228452
403874 238635
397838 248596
391540 258418
385052 268032
378362 277431
371448 286664
364309 295702
357084 304449
349659 312982
342046 321336
334285 329461
326368 337378
2.85574e-11 470960
11438.1 471050
22650 470580
34141.3 469887
45888.7 468832
56974 467649
68231.3 466024
79410.2 464304
90609.4 462136
101816 459745
112909 457152
123934 454116
134867 451032
145639 447502
156396 443854
166892 439891
177344 435738
187711 431260
197797 426686
207771 421812
217711 416705
227534 411338
237268 405725
246888 399865
256407 393749
265768 387422
274957 380881
283958 374111
292799 367192
301419 360033
309951 352665
318228 345118
