467500 0
467439 11613.8
466937 23239.5
466318 34950.4
465305 46705.2
463976 58576.4
462420 70539.8
460516 82408.5
458244 94301.3
455763 106204
452903 118041
449764 129810
446357 141441
442661 152911
438622 164268
434417 175447
429954 186436
425176 197274
420189 207983
415012 218531
409370 228929
403689 239182
397747 249208
391462 259051
385054 268739
378441 278219
371562 287507
364429 296571
357311 305440
349907 314039
342290 322440
334551 330648
326653 338662
2.85574e-11 471446
11447.7 472407
22703.8 472071
34215.6 471285
45945.7 470074
57082.7 469108
68291.6 467304
79508.9 465950
90639.6 463464
101804 461149
112991 458884
123900 455509
134930 452754
145626 448972
156462 445571
166958 441540
177454 437438
187802 432863
197967 428409
207936 423476
217911 418409
227756 413031
237504 407394
247132 401501
256665 395383
266053 389090
275215 382493
284141 375620
293075 368778
301651 361497
310226 354108
318484 346447
