0 2083.33
2083.33 0
0 6250
0 10416.7
0 14583.3
0 18750
0 22916.7
0 27083.3
0 31250
0 35416.7
0 39583.3
0 43750
0 47916.7
0 52083.3
0 56250
0 60416.7
0 64583.3
0 68750
0 72916.7
0 77083.3
0 81250
0 85416.7
0 89583.3
0 93750
0 97916.7
0 102083
0 106250
0 110417
0 114583
0 118750
0 122917
0 127083
0 131250
0 135417
0 139583
0 143750
0 147917
6250 0
10416.7 0
14583.3 0
18750 0
22916.7 0
27083.3 0
31250 0
35416.7 0
39583.3 0
43750 0
47916.7 0
52083.3 0
56250 0
60416.7 0
64583.3 0
68750 0
72916.7 0
77083.3 0
81250 0
85416.7 0
89583.3 0
93750 0
97916.7 0
102083 0
106250 0
110417 0
114583 0
118750 0
122917 0
127083 0
131250 0
135417 0
139583 0
143750 0
147917 0
2.92013e-13 152940
153298 0
8.7604e-13 158819
159893 0
1.46007e-12 164698
166489 0
2.04409e-12 170578
173084 0
2.62812e-12 176457
179680 0
3.21215e-12 182336
186275 0
3.79617e-12 188216
192870 0
4.3802e-12 194095
199466 0
4.96423e-12 199974
206061 0
5.54825e-12 205854
212657 0
6.13228e-12 211733
219252 0
6.71631e-12 217612
225848 0
7.30034e-12 223492
232443 0
7.88436e-12 229371
239039 0
8.46839e-12 235250
245634 0
9.05242e-12 241130
252230 0
9.63644e-12 247009
258825 0
1.02205e-11 252889
265420 0
1.08045e-11 258768
272016 0
1.13885e-11 264647
278611 0
1.19726e-11 270527
285207 0
1.25566e-11 276406
291802 0
1.31406e-11 282285
298398 0
1.37246e-11 288165
304993 0
1.43087e-11 294044
311589 0
1.48927e-11 299923
318184 0
1.54767e-11 305803
324779 0
1.60607e-11 311682
331375 0
1.66448e-11 317561
337970 0
1.72288e-11 323441
344566 0
1.78128e-11 329320
351161 0
1.83968e-11 335199
357757 0
1.89809e-11 341079
364352 0
1.95649e-11 346958
370948 0
2.01489e-11 352837
377543 0
2.0733e-11 358717
384138 0
2.1317e-11 364596
390734 0
2.1901e-11 370475
397329 0
2.2485e-11 376355
403925 0
2.30691e-11 382234
410520 0
2.36531e-11 388114
417116 0
2.4061e-11 392945
423609 0
2.42927e-11 396729
430000 0
2.45244e-11 400513
436390 0
2.47561e-11 404298
442781 0
2.49878e-11 408082
449172 0
2.52195e-11 411866
455563 0
2.54512e-11 415650
461954 0
2.56829e-11 419434
468344 0
2.59146e-11 423218
474735 0
2.61464e-11 427002
481126 0
2.63781e-11 430786
5995.82 432189
17962.3 431246
29935.8 431028
41957.7 431527
54024.3 432154
66143.6 432904
78164.9 432940
89919.6 431675
101504 429948
113058 428466
124586 427180
136051 425926
147298 424260
158043 421511
168208 417693
178038 413572
187638 409456
196756 404827
205324 399622
213852 394856
222768 391240
231730 388051
240059 384145
247644 379423
254941 374654
262258 370288
269425 366052
276148 361546
282406 356765
288418 352008
294384 347505
300336 343274
306202 339208
311899 335205
317377 331205
322602 327174
327623 323038
332570 318679
337531 314057
342563 309223
347747 304242
353157 299164
358806 293982
364595 288597
370322 282846
375809 276600
381057 269879
386252 262830
391588 255582
397147 248178
402994 240635
409164 232952
415444 224989
421466 216546
427247 207649
433153 198486
439182 189051
444968 179184
450387 168859
455297 158057
459432 146737
463248 135087
467340 123296
471346 111264
474964 98926.6
478322 86341.3
481138 73490.5
483614 60434.1
486049 47238.6
487778 33865.7
489009 20366.1
490195 6801.09
487517 0
