12002.8 432692
2.64939e-11 433676
23955.8 431768
35972.3 432210
48016.5 432697
60114.9 433383
72258.3 434116
84151.5 433376
95752.4 431516
107302 429861
118843 428504
130340 427250
141758 425968
152819 423903
163231 420467
173139 416275
182884 412240
192340 408068
201123 403011
209486 397690
218188 393517
227329 390498
236120 387181
244004 382727
251311 377777
258619 373227
265966 369084
272974 364794
279435 360105
285514 355263
291485 350615
297467 346280
303410 342170
309218 338160
314823 334170
320189 330159
325288 326104
330244 321879
335195 317374
340176 312622
345262 307689
350543 302639
356075 297506
361828 292241
367635 286699
373259 280697
378579 274162
383718 267206
388926 260007
394339 252645
399986 245122
405963 237474
412247 229662
418429 221447
424185 212678
429873 203555
435873 194251
441800 184582
447307 174423
452498 163842
456981 152740
460622 141134
464467 129377
468666 117489
472340 105251
475770 92760.5
478929 80032.5
481286 67020.3
483775 53889.7
486068 40605.4
487161 27130.1
488482 13601.2
489509 0
