12045.3 435188
2.64939e-11 436196
24043.5 434179
36106 434463
48180.3 434751
60297.7 435219
72448.9 435733
84320.1 434793
95881.3 432753
107394 430935
118901 429433
130366 428059
141754 426683
152784 424550
163164 421068
173043 416852
182767 412810
192212 408645
200990 403604
209354 398309
218060 394171
227205 391195
236007 387923
243909 383510
251239 378603
258569 374099
265937 370002
272969 365756
279457 361107
285564 356302
291561 351688
297567 347383
303531 343300
309357 339313
314979 335342
320359 331346
325472 327304
330440 323089
335402 318592
340393 313846
345488 308915
350773 303863
356308 298725
362059 293451
367862 287896
373478 281879
378786 275326
383909 268348
389096 261119
394479 253720
400087 246148
406011 238441
412232 230560
418339 222274
424009 213435
429604 204243
435506 194865
441332 185125
446737 174902
451827 164264
456212 153113
459755 141465
463507 129665
467616 117730
471201 105450
474545 92919.2
477622 80154.7
479900 67112.9
482321 53954.6
484556 40646.9
485604 27155.7
486898 13612.9
487917 0
