12019.7 433703
2.64939e-11 434697
23990.7 432744
36025.9 433122
48082.7 433528
60189.3 434126
72336.3 434769
84220.8 433947
95805.4 432014
107340 430292
118866 428875
130349 427572
141754 426253
152802 424161
163201 420707
173096 416507
182832 412471
192283 408305
201065 403257
209429 397950
218132 393795
227275 390799
236072 387505
243964 383072
251283 378145
258602 373618
265960 369499
272980 365232
279454 360563
285547 355741
291532 351111
297527 346792
303481 342697
309298 338699
314913 334720
320286 330718
325393 326670
330356 322451
335313 317951
340300 313203
345391 308271
350675 303221
356209 298086
361962 292817
367767 287269
373388 281260
378702 274717
383833 267750
389031 260537
394429 253157
400057 245611
406009 237934
412263 230090
418410 221841
424125 213039
429768 203883
435721 194543
441599 184840
447057 174650
452198 164041
456632 152915
460224 141288
464022 129510
468176 117600
471805 105341
475192 92831.8
478310 80086.9
480628 67061.1
483084 53917.9
485349 40623.2
486420 27141
487728 13606.1
488752 0
