11991.4 431715
2.64939e-11 432695
23932.4 430809
35937.9 431280
47975.7 431804
60070.8 432530
72214.2 433303
84113.4 432600
95723.5 430771
107282 429143
118832 427807
130337 426569
141762 425297
152831 423235
163251 419797
173163 415600
182909 411555
192365 407370
201144 402297
209502 396960
218200 392768
227336 389727
236122 386390
243996 381915
251292 376947
258589 372377
265927 368215
272924 363907
279373 359202
285439 354347
291398 349687
297369 345341
303302 341225
309101 337210
314698 333219
320056 329209
325148 325157
330098 320938
335042 316438
340020 311694
345105 306770
350388 301732
355925 296614
361685 291367
367503 285845
373140 279865
378476 273353
383635 266423
388867 259254
394306 251927
399986 244445
405999 236842
412325 229079
418557 220914
424369 212193
430117 203119
436180 193866
442173 184247
447750 174132
453012 163594
457568 152529
461282 140953
465198 129227
469467 117372
473208 105162
476703 92696.5
479923 79990.8
482335 66994.1
484873 53877.2
487206 40602.3
488329 27130.6
489667 13602.5
490701 0
