11991.6 431699
2.64939e-11 432678
23932.9 430792
35938.7 431264
47976.7 431790
60071.9 432517
72215.2 433292
84114.5 432589
95724.8 430761
107283 429134
118833 427799
130338 426562
141764 425291
152833 423230
163252 419792
173164 415594
182911 411549
192366 407363
201145 402291
209503 396953
218200 392760
227337 389720
236122 386382
243996 381908
251292 376939
258590 372369
265927 368206
272924 363898
279372 359193
285439 354338
291398 349678
297369 345332
303302 341215
309101 337201
314698 333210
320056 329200
325148 325148
330098 320928
335043 316429
340020 311685
345106 306760
350388 301723
355926 296605
361686 291358
367503 285836
373141 279856
378477 273345
383636 266414
388868 259245
394308 251919
399987 244436
406001 236834
412328 229071
418560 220907
424372 212186
430121 203113
436185 193860
442179 184241
447756 174128
453018 163590
457575 152525
461289 140950
465206 129224
469475 117369
473216 105159
476712 92694
479932 79988.6
482344 66992.3
484883 53875.9
487216 40601.3
488340 27130
489678 13602.2
490712 0
