52789.1 423107
64562.1 423355
5922.07 427575
17742.3 426714
29563.5 426431
41418.1 426720
53299.4 427081
65211.6 427513
77020.5 427298
88577.2 425933
133815 419641
144814 417821
155350 415050
165359 411341
175048 407356
184510 403364
193525 398916
295682 338770
301434 334746
307016 330777
312382 326811
317505 322822
322436 318738
327304 314443
332192 309895
337147 305138
342239 300225
347531 295199
353036 290051
358665 284696
364245 278991
369619 272826
374786 266214
379908 259282
385147 252138
390576 244818
396244 237335
402183 229688
408205 221755
413990 213369
5975 431314
17900.3 430392
29830.4 430136
41802.1 430542
53810.1 431053
65861.4 431670
77810 431597
89493.6 430275
101007 428507
112484 426969
123928 425614
135304 424286
146464 422564
157134 419806
167243 416027
177023 411957
186578 407891
195662 403332
204214 398220
212717 393526
221580 389928
230475 386736
238758 382856
246323 378195
253602 373488
260889 369164
268024 364963
274725 360502
280973 355778
286977 351074
292926 346611
298853 342407
304687 338359
310352 334369
315798 330380
320994 326362
325990 322240
330915 317898
335854 313297
340862 308483
346015 303518
351383 298448
356980 293266
362709 287879
368380 282129
373819 275895
379028 269194
384184 262165
389471 254930
394967 247528
400731 239977
406798 232275
412960 224288
418868 215831
424537 206927
430317 197755
436206 188307
441855 178438
447145 168121
451938 157340
455983 146057
459713 134449
463699 122695
467592 110700
471105 98407.7
474359 85871.7
477086 73078.3
479479 60085.3
481826 46956.3
483490 33658
484675 20239.1
485812 6758.06
