5932.56 430113
17770.2 429198
29607.4 428794
41477.9 428905
53371.4 429057
65292.3 429270
77096.1 428843
88628.3 427285
5992.74 433834
17952.8 432857
29918.1 432480
41920.2 432708
53948.7 433010
66012.1 433408
77954.4 433123
89609.4 431611
101087 429669
112532 427976
123946 426487
135296 425051
146428 423246
157070 420431
167152 416615
176912 412528
186454 408460
195533 403912
204085 398820
212593 394156
221461 390596
230365 387447
238664 383610
246249 378991
253551 374327
260861 370049
304825 339495
310507 335527
315967 331556
321177 327552
326185 323443
331121 319111
336071 314517
341087 309708
346245 304744
351616 299673
357212 294485
362938 289087
368601 283325
374031 277075
379225 270356
384362 263303
389622 256037
395082 248596
400798 240994
406805 233230
412897 225176
418724 216650
424302 207678
429986 198434
435776 188914
441324 178977
446513 168598
451207 157763
455155 146433
458790 134781
462685 122982
466489 110942
469915 98607
473085 86031.6
475732 73203.5
478052 60179.7
480336 47022.6
481949 33701.3
483097 20263.8
484217 6765.93
