12054.2 435663
2.64939e-11 436675
24061.9 434636
36133.9 434888
48214.1 435135
60335 435558
72487.5 436027
84353.9 435046
95906.7 432970
107412 431118
118912 429587
130370 428188
141752 426792
152776 424645
163149 421153
173022 416932
182743 412888
192185 408724
200962 403685
209326 398393
218032 394261
227178 391291
235982 388024
243886 383618
251219 378717
258552 374218
265924 370127
272959 365887
279450 361244
285561 356444
291562 351835
297571 347533
303537 343454
309365 339469
314989 335500
320371 331506
325485 327465
330454 323251
335417 318755
340409 314010
345505 309079
350791 304027
356326 298888
362077 293613
367879 288057
373495 282038
378802 275484
383924 268503
389109 261272
394489 253867
400091 246290
406009 238574
412222 230684
418318 222388
423977 213540
429558 204338
435447 194950
441260 185201
446652 174970
451730 164325
456103 153168
459635 141515
463377 129709
467476 117768
471050 105482
474384 92945.2
477450 80175.1
479718 67128.6
482129 53965.7
484356 40654
485397 27160
486687 13614.9
487705 0
