300197 322638
305397 318713
310370 314779
315169 310768
319922 306568
324706 302133
329558 297494
5866.92 422841
17578.8 422053
29288.7 421766
41023.9 421975
52776.8 422224
262167 356200
268724 351834
274873 347257
280785 342699
286613 338341
292387 334197
298050 330187
303540 326231
308820 322285
318727 314277
323536 310031
328370 305542
333274 300847
338310 295995
343534 291022
348955 285921
354495 280613
359998 274970
365323 268892
370469 262390
375579 255576
380800 248550
386193 241342
391804 233964
397659 226413
403589 218580
409306 210309
414820 201620
420410 192657
426069 183416
431510 173774
436633 163711
441323 153214
445370 142252
463392 83651.6
466055 71190.6
5918.43 426587
17732 425736
29547.3 425477
41397 425802
53275.3 426202
243625 373272
332035 308952
336989 304201
342084 299297
347383 294283
352895 289149
358535 283810
364127 278124
369517 271979
374704 265389
379848 258481
385114 251367
390574 244080
396279 236636
5969.95 430332
17885.3 429420
29805.9 429189
41770.2 429629
53773.9 430179
65823.8 430836
280899 354871
286892 350153
292830 345680
298746 341466
304571 337411
310228 333418
315665 329428
320854 325411
325844 321293
330763 316957
335699 312362
340705 307555
345859 302600
351232 297543
356835 292377
362574 287007
368257 281278
373711 275066
378938 268388
384117 261386
389429 254183
394955 246817
400755 239308
406861 231651
413071 223713
