5926.09 428602
17753.1 427719
29580.7 427387
41442 427605
53328.5 427880
65244.6 428223
77051.5 427922
88598.3 426477
332320 310472
337279 305719
342373 300809
347667 295784
353171 290635
358798 285277
364374 279567
369742 273396
5982 432335
17921.1 431390
29865.4 431085
41849.6 431419
53866.2 431845
65922.9 432373
77869.2 432213
89541.2 430813
101040 428974
112503 427372
123934 425962
135299 424591
146447 422836
157105 420055
167203 416263
176975 412187
186523 408123
195606 403570
204159 398469
212664 393791
221529 390213
230428 387044
238719 383187
246294 378547
253585 373862
287023 351556
292985 347111
298923 342923
304767 338889
310441 334911
315895 330932
321099 326922
326101 322808
331032 318472
335978 313875
340990 309064
346147 304101
351517 299031
357114 293846
362842 288455
368510 282699
373944 276458
379146 269748
384293 262707
389567 255458
395045 248037
400786 240462
406824 232730
412953 224711
418823 216222
424448 207285
430182 198078
436024 188596
441623 178694
446864 168347
451608 157539
455604 146233
459287 134604
463227 122828
467075 110811
470544 98498.7
473756 85944.2
476444 73134.6
478801 60127.4
481117 46985.6
482757 33677
483924 20249.9
485053 6761.48
