286613 338341
292387 334197
298050 330187
303540 326231
308820 322285
313865 318323
318727 314277
323536 310031
328370 305542
333274 300847
468379 58534.5
470594 45740.3
472182 32784.8
473302 19714.1
474303 6582.12
5918.43 426587
17732 425736
29547.3 425477
41397 425802
53275.3 426202
65186.4 426675
76997.4 426499
88560.3 425168
111303 421832
122602 420398
133822 418966
144826 417154
155367 414385
165379 410674
175068 406682
184529 402679
193540 398217
250836 368629
258033 364331
265070 360144
271694 355722
277886 351064
283838 346426
289722 342010
295566 337832
301310 333799
306884 329825
312243 325857
317360 321867
322286 317785
327149 313494
332035 308952
336989 304201
342084 299297
347383 294283
352895 289149
358535 283810
364127 278124
369517 271979
374704 265389
379848 258481
385114 251367
390574 244080
396279 236636
402260 229032
408330 221146
414169 212807
419789 204034
425505 194991
431312 185672
436891 175940
442132 165772
446910 155153
450992 144048
454769 132620
458753 121037
462625 109211
466126 97090.9
469361 84728.4
472085 72111.4
474469 59295
476772 46340.1
478416 33217.5
479580 19975.1
480656 6669.78
5969.95 430332
17885.3 429420
29805.9 429189
41770.2 429629
53773.9 430179
65823.8 430836
77775 430801
89465.7 429513
100987 427774
112472 426261
123924 424925
135307 423610
146473 421895
157150 419139
167264 415357
177047 411279
186601 407201
195683 402628
204231 397501
212728 392790
221585 389171
230474 385958
238750 382058
246304 377378
253573 372651
260850 368308
267974 364089
274663 359610
280899 354871
286892 350153
292830 345680
298746 341466
304571 337411
310228 333418
315665 329428
320854 325411
325844 321293
330763 316957
335699 312362
340705 307555
345859 302600
351232 297543
356835 292377
362574 287007
368257 281278
373711 275066
378938 268388
384117 261386
389429 254183
394955 246817
400755 239308
406861 231651
413071 223713
419032 215305
424758 206449
430601 197325
436555 187928
442271 178106
447632 167833
452496 157092
456614 145843
460417 134267
464473 122545
468433 110582
472012 98316.5
475329 85805.2
478114 73032.1
480559 60055.4
482950 46939.9
484650 33650.2
485859 20236.1
487008 6757.43
