5929.55 429448
17762.2 428547
29595 428176
41461.3 428336
53351.7 428543
65270.6 428815
77075.9 428446
88614.9 426939
5987.81 433174
17938.3 432212
29893.9 431868
41888 432143
53911.1 432502
65971.6 432959
77915.8 432731
89578.6 431269
101066 429374
112519 427722
123942 426270
135298 424863
146437 423081
157087 420281
167176 416476
176942 412394
186486 408328
195567 403778
204120 398682
212626 394012
221494 390444
230395 387287
238691 383441
246272 378814
253569 374141
293012 347458
298956 343277
304805 339250
310484 335278
315942 331304
321149 327298
326154 323186
331089 318853
336037 314258
341051 309448
346209 304484
351580 299413
357176 294226
362903 288831
368567 283071
373998 276824
379196 270109
384336 263060
389601 255801
395068 248367
400794 240776
406814 233025
412921 224986
418765 216475
424362 207517
430067 198288
435878 188784
441446 178861
446656 168495
451370 157670
455337 146350
458991 134708
462904 122917
466725 110887
470168 98561.3
473355 85994.6
476019 73174.2
478353 60157.5
480651 47006.9
482275 33691
483432 20257.9
484555 6764.05
