12033.6 434535
2.64939e-11 435536
24019.3 433548
36069.4 433875
48135.8 434217
60248.4 434743
72397.8 435316
84275.2 434430
95847.1 432438
107370 430663
118886 429200
130359 427859
141755 426508
152793 424394
163181 420925
173068 416716
182798 412677
192245 408512
201025 403468
209389 398167
218094 394022
227238 391038
236038 387756
243936 383335
251261 378420
258586 373906
265950 369799
272977 365545
279460 360888
285561 356076
291553 351455
297554 347144
303514 343056
309337 339065
314956 335090
320333 331092
325443 327048
330409 322831
335369 318333
340359 313586
345452 308654
350737 303604
356272 298466
362023 293194
367827 287642
373445 281627
378755 275079
383881 268104
389072 260882
394461 253490
400076 245929
406011 238234
412246 230368
418369 222097
424057 213273
429671 204095
435594 194733
441442 185008
446868 174799
451979 164172
456383 153031
459945 141391
463715 129600
467842 117675
471444 105404
474805 92882.1
477899 80125.8
480193 67090.8
482628 53939
484876 40636.8
485934 27149.4
487234 13610.1
488255 0
