307752.2145057041
307752.2145057041
307752.2145057041
307752.2145057041
307752.2145057041
151480.56063321113
84884.7766415347
52019.56099807513
34036.861116709704
23413.073784233122
16753.48725738692
12377.052796759523
9388.109060762836
7280.359792059706
5753.273216530733
4620.977386285307
3764.417801311093
3104.9980317470963
2589.44534969203
2180.8044073448636
1852.9066311224678
1586.8783031417713
1368.880570864844
1188.6139315300568
1038.308578097286
912.0302699827482
805.1951649479367
714.2255352641622
636.3020384826922
569.1831658646399
511.07208366662667
460.5173423441157
416.33807930282353
377.56713365467795
343.4073965770734
313.1980371813916
286.38816418701623
262.51613449288334
241.1931847662781
222.09039775465965
204.92825946692568
189.4682429933716
175.50598782825438
162.86574295742236
151.3958167635714
140.96483347631957
131.45863913231045
122.77773321007858
114.83512775285205
107.55455572338849
100.86896590978917
94.7192539371813
89.05318860238818
83.82450041603549
78.99210534955665
74.51944168038973
70.37390176671904
66.52634376402321
62.950670875334275
59.62346782726895
56.52368598005966
53.6323698872364
50.93241927886241
48.40838139859143
46.0462694170644
43.833403302496016
41.758270078021646
39.81040085407197
37.980262408568414
36.25916141097146
34.639159658659416
33.11299892433589
31.67403420819984
30.31617435423336
29.033829130948867
27.821861997214963
26.67554787663291
25.590535352069857
24.562812767639915
23.58867779055006
22.664710041381372
21.787746449887575
20.954859035377847
20.163334847162673
19.41065783216486
18.694492424325862
18.01266867442401
17.36316875987406
16.74411473239615
16.153757377493097
15.59046607375321
15.052719552369457
14.539097468152153
14.048272702905567
13.579004330506372
13.130131180503676
12.70056594368063
12.289289768885416
11.895347305643934
11.517842151690001
11.155932668663146
10.808828132885612
10.47578519139606
10.156104596333419
9.849128193368223
9.554236142210614
9.270844349311067
8.998402094741705
8.736389836926838
8.484317180399207
8.241720993117864
8.008163661104666
7.7832314692584825
7.5665330981992875
7.357698227892268
7.156376239611946
6.96223500854041
6.774959779957317
6.5942521225813895
6.419828953168429
6.251421626966533
6.088775089079082
5.931647082195193
5.779807406519653
5.633037228073407
5.491128431844714
5.353883016552681
5.221112528042566
5.092637528566572
4.96828709941943
4.847898374593592
4.731316103299759
4.618392239362199
4.508985555650182
4.402961281844721
4.300190763967464
4.200551144214993
4.103925059749335
4.010200359194226
3.919269835677189
3.831030975341598
3.745385720329558
3.6622402453077756
3.5815047466737644
3.5030932436407407
3.4269233904548266
3.3529162990502863
3.280996371495964
3.2110911416303343
3.1431311253233556
3.0770496788412793
3.0127828648255295
2.950269325429222
2.889450162185156
2.8302688222069827
2.7726709903512066
2.716604486991941
2.6620191710825076
2.6088668481990216
2.557101183280404
2.5066776177972723
2.4575532910990017
2.409686965703903
2.36303895631195
2.3175710623332235
2.2732465037377954
2.2300298600446538
2.1878870122783223
2.146785087732072
2.1066924073864572
2.067578435840524
2.029413733621967
1.9921699117499452
1.9558195884318732
1.9203363477823885
1.8856947004590456
1.8518700461154802
1.8188386375783863
1.7865775466599207
1.7550646315223086
1.7242785055159269
1.6941985074166248
1.6648046729921535
1.6360777078314621
1.6079989613742596
1.5805504020816248
1.553714593691729
1.5274746725077433
1.5018143256677636
1.4767177703494865
1.4521697338645794
1.4281554346004177
1.4046605637687701
1.3816712679233698
1.3591741322101891
1.3371561643161076
1.315604779083483
1.2945077837597576
1.273853363852855
1.2536300695645544
1.2338268027754982
1.2144328045567527
1.1954376431841813
1.176831202632952
1.1586036715307613
1.14074553254932
1.1232475522146725
1.1061007711179087
1.0892964945086714
1.0728262832547437
1.0566819451518332
1.0408555265683272
1.0253393044107062
1.0101257783957445
0.9952076636165239
0.9805778833896966
0.966229562372169
0.9521560199358398
0.9383507637895774
0.9248074838381671
0.91152004626834
0.8984824878525531
0.8856890104615264
0.8731339757770042
0.8608119001965612
0.8487174499227084
0.8368454362287713
0.8251908108945119
0.8137486618046367
0.8025142087037095
0.791482799101281
0.7806499043212742
0.7700111156899307
0.7595621408569343
0.749298800244465
0.7392170236192525
0.7293128467828175
0.719582408375404
0.7100219467891955
0.7006277971866589
0.6913963886200126
0.6823242412479671
0.6734079636461082
0.6646442502073435
0.656029878629101
0.6475617074840035
0.6392366738709296
0.6310517911434932
0.623004146713091
0.6150908999237578
0.6073092799962613
0.5996565840388378
0.5921301751222227
0.5847274804166083
0.5774459893883355
0.5702832520541398
0.5632368772909395
0.556304531199156
0.5494839355176921
0.5427728660887405
0.5361691513706592
0.5296706709972564
0.5232753543818325
0.5169811793644563
0.5107861709009652
0.5046883997922342
0.49868598145236254
0.4927770747144271
0.4869598806725107
0.481232641558804
0.47559363965455903
0.4700411962337821
0.46457367053854776
0.4591894587848777
0.4538869931981722
0.44866474107720483
0.4435212038857436
0.43845491637086564
0.43346444570712134
0.42854839066566897
0.4237053808075774
0.41893407570052765
0.4142331641581155
0.4096013635010623
0.4050374188396141
0.4005401023764411
0.396108212729406
0.3917405742735358
0.3874360365016115
0.3831934734027953
0.37901178285868264
0.37488988605628704
0.37082672691738394
0.36682127154373156
0.3628725076776555
0.3589794441775376
0.35514111050772873
0.3513565562424664
0.34762485058334297
0.3439450818899303
0.34031635722314324
0.33673780190096736
0.33320855906617197
0.32972778926564267
0.32629467004099116
0.3229083955301039
0.31956817607929133
0.3162732378657357
0.3130228225299315
0.30981618681780704
0.3066526022322572
0.3035313546938101
0.30045174421014964
0.2974130845542427
0.2944147029508197
0.2914559397709644
0.28853614823458057
0.28565469412050387
0.2828109554840451
0.2800043223817483
0.2772341966031538
0.2744999914093755
0.2718011312782908
0.26913705165616364
0.26650719871550815
0.26391102911902836
0.26134800978945916
0.2588176176851375
0.2563193395811586
0.2538526718559458
0.25141712028309376
0.24901219982833725
0.24663743445150238
0.2442923569133085
0.24197650858687741
0.23968943927383599
0.23743070702487395
0.23519987796464603
0.23299652612088884
0.2308202332576554
0.22867058871254178
0.22654718923780276
0.22444963884525926
0.2223775486548897
0.22033053674700342
0.21830822801791297
0.21631025403900708
0.21433625291912614
0.21238586917016958
0.21045875357583754
0.20855456306342937
0.20667296057862267
0.20481361496314793
0.20297620083529205
0.20116039847314757
0.19936589370055058
0.19759237777562264
0.19583954728186415
0.19410710402172193
0.19239475491257838
0.1907022118850926
0.1890291917838392
0.18737541627018162
0.18574061172733133
0.18412450916753023
0.18252684414130424
0.18094735664874345
0.17938579105274882
0.17784189599420278
0.17631542430901165
0.17480613294698033
0.17331378289246382
0.17183813908676276
0.17037897035221267
0.1689360493179293
0.16750915234716662
0.16609805946625014
0.1647025542950515
0.1633224239789539
0.16195745912228995
0.16060745372320223
0.1592722051099007
0.157951513878278
0.15664518383085524
0.15535302191702194
0.15407483817454454
0.15281044567230628
0.15155966045425853
0.15032230148454445
0.1490981905937772
0.1478871524264403
0.1466890143893827
0.1455036066013881
0.14433076184378943
0.1431703155121043
0.142022105568671
0.14088597249625767
0.1397617592526264
0.13864931122602528
0.13754847619159416
0.13645910426865554
0.1353810478788747
0.13431416170527122
0.13325830265205413
0.13221332980527614
0.13117910439427027
0.13015548975387062
0.12914235128738255
0.12813955643029679
0.12714697461472704
0.12616447723455324
0.12519193761125755
0.12422923096043659
0.12327623435897433
0.12233282671286176
0.12139888872565033
0.12047430286752044
0.11955895334495989
0.11865272607102807
0.11775550863620436
0.11686719027979865
0.11598766186191747
0.11511681583597268
0.11425454622171677
0.11340074857880215
0.1125553199808416
0.11171815898997205
0.1108891656318975
0.1100682413714132
0.10925528908839051
0.10845021305422209
0.10765291890870704
0.10686331363737807
0.1060813055492524
0.10530680425500098
0.10453972064552866
0.10377996687095277
0.10302745631997745
0.10228210359964755
0.10154382451548288
0.10081253605197756
0.1000881563534627
0.09937060470531978
0.09865980151554242
0.09795566829663307
0.09725812764783773
0.09656710323769788
0.09588251978692733
0.0952043030515976
0.09453237980662924
0.09386667782958151
0.093207125884739
0.0925536537074798
0.09190619198892985
0.09126467236089045
0.09062902738103686
0.08999919051838189
0.08937509613899773
0.08875667949199459
0.08814387669574472
0.08753662472435478
0.08693486139437519
0.08633852535174348
0.08574755605896066
0.08516189378249005
0.08458147958037834
0.08400625529009438
0.08343616351657823
0.08287114762050025
0.08231115170672328
0.08175612061296693
0.08120599989866475
0.08066073583401882
0.08012027538923791
0.07958456622396476
0.07905355667688366
0.07852719575550501
0.07800543312612697
0.0774882191039654
0.07697550464345543
0.0764672413287146
0.07596338136416979
0.0754638775653422
0.07496868334978783
0.07447775272819039
0.07399104029560534
0.07350850122284874
0.07303009124803295
0.07255576666824187
0.07208548433134536
0.07161920162795092
0.07115687648348795
0.07069846735042427
0.07024393320061072
0.0697932335177522
0.06934632829000395
0.06890317800268696
0.06846374363112698
0.0680279866336068
0.06759586894443602
0.06716735296713384
0.06674240156772207
0.06632097806812753
0.0659030462396917
0.06548857029678495
0.06507751489052432
0.06466984510259244
0.06426552643915578
0.06386452482488138
0.06346680659704788
0.06307233849975283
0.06268108767821011
0.06229302167314091
0.06190810841525181
0.061526316219800856
0.06114761378125107
0.06077197016800706
0.06039935481723471
0.06002973752976364
0.05966308846506897
0.05929937813633176
0.05893857740557714
0.05858065747888843
0.058225589901695095
0.05787334655413611
0.05752389964649273
0.05717722171469424
0.056833285615892334
0.056492064524103894
0.056153531925921145
0.0558176616162881
0.0554844276943415
0.05515380455931547
0.05482576690650957
0.05450028972331753
0.0541773482853173
0.05385691815242022
0.05353897516507905
0.05322349544055274
0.052910455369228906
0.05259983161100093
0.05229160109170027
0.051985740999581996
0.05168222878186346
0.051381042141314906
0.05108215903290143
0.050785557660473823
0.05049121647351061
0.050199114163907266
0.04990922966281353
0.04962154213751821
0.04933603098837884
0.04905267584579839
0.04877145656724489
0.04849235323431642
0.04821534614984816
0.047940415835062616
0.0476675430267613
0.04739670867455754
0.047127893938149326
0.04686108018463279
0.046596248985853746
0.04633338211579861
0.04607246154802198
0.045813469453113015
0.04555638819619682
0.04530120033447283
0.04504788861478866
0.04479643597124781
0.04454682552285322
0.04429904057118304
0.04405306459810093
0.043808881263497794
0.043566474403066845
0.04332582802610914
0.043086926313371826
0.04284975361491487
0.042614294448010105
0.04238053349506863
0.04214845560159777
0.041918045774186986
0.04168928917852152
0.0414621711374247
0.04123667712892697
0.04101279278436213
0.04079050388649033
0.04056979636764696
0.04035065630791722
0.04013306993333629
0.03991702361411444
0.039702503862886165
0.03948949733298425
0.03927799081673731
0.03906797124379022
0.038859425679448924
0.03865234132304616
0.038446705506331634
0.03824250569188218
0.03803972947153536
0.037838364564842845
0.037638398817546125
0.037439820200072284
0.037242616806050295
0.037046776850847174
0.03685228867012441
0.036659140718413315
0.036467321567710015
0.03627681990608929
0.036087624536336155
0.03589972437459768
0.03571310844905065
0.03552776589858843
0.03534368597152507
0.035160858024316524
0.034979271520298325
0.03479891602844177
0.03461978122212431
0.0344418568779177
0.03426513287439168
0.03408959919093406
0.033915245906584644
0.03374206319888674
0.033570041342751926
0.03339917070934082
0.03322944176495766
0.03306084506995997
0.03289337127768213
0.03272701113337307
0.03256175547314756
0.03239759522295143
0.03223452139753995
0.03207252509946952
0.03191159751810246
0.03175172992862441
0.03159291369107452
0.031435140249388364
0.0312784011304523
0.031122687943171294
0.0309679923775474
0.03081430620377041
0.030661621271320664
0.03050992950808233
0.03035922291946896
0.03020949358755912
0.030060733670243974
0.02991293540038467
0.029766091084981544
0.029620193104352297
0.029475233911322434
0.029331206030423586
0.029188102057104152
0.029045914656948328
0.028904636564905745
0.02876426058452975
0.028624779587226708
0.028486186511512985
0.0283484743622826
0.028211636210083078
0.028075665190400643
0.02794055450295411
0.027806297410997674
0.027672887240632302
0.0275403173801252
0.027408581279238734
0.027277672448565875
0.027147584458875686
0.02701831094046553
0.026889845582521433
0.02676218213248694
0.02663531439543887
0.026509236233471043
0.0263839415650854
0.026259424364590684
0.026135678661508257
0.026012698539985106
0.02589047813821409
0.025769011647861037
0.025648293313498712
0.025528317432048045
0.025409078352225303
0.025290570473996608
0.025172788248038504
0.025055726175205496
0.02493937880600342
0.02482374074006913
0.02470880662565723
0.02459457115913143
0.024481029084463566
0.024368175192737172
0.024256004321657934
0.024144511355069308
0.02403369122247417
0.023923538898562177
0.023814049402742392
0.023705217798681493
0.023597039193847712
0.02348950873905979
0.02338262162804126
0.02327637309698008
0.02317075842409327
0.023065772929196753
0.022961411973280083
0.022857670958086322
0.02275454532569639
0.02265203055811874
0.022550122176883344
0.022448815742640776
0.022348106854765452
0.022247991150964087
0.022148464306887893
0.022049522035749846
0.02195116008794617
0.02185337425068196
0.021756160347601305
0.02165951423842172
0.021563431818572378
0.02146790901883703
0.021372941805000285
0.021278526177498737
0.021184658171075153
0.021091333854437417
0.020998549329920756
0.020906300733154116
0.020814584232730034
0.020723396029878504
0.020632732358144404
0.02054258948306837
0.020452963701871663
0.020363851343144106
0.020275248766535945
0.020187152362452714
0.02009955855175399
0.020012463785455077
0.019925864544432334
0.01983975733913151
0.01975413870927957
0.019669005223599514
0.01958435347952852
0.019500180102939125
0.01941648174786337
0.01933325509622022
0.019250496857545967
0.019168203768727125
0.01908637259373728
0.019005000123375457
0.01892408317500872
0.018843618592316504
0.018763603245038445
0.01868403402872477
0.018604907864488984
0.01852622169876406
0.018447972503060486
0.01837015727372763
0.018292773031716954
0.018215816822348456
0.018139285715079397
0.018063176803275245
0.017987487203983642
0.01791221405771034
0.017837354528197708
0.01776290580220567
0.017688865089294993
0.017615229621612723
0.017541996653680236
0.017469163462183173
0.01739672734576389
0.01732468562481606
0.01725303564128144
0.017181774758448825
0.017110900360754955
0.017040409853587856
0.016970300663092117
0.016900570235975992
0.01683121603932104
0.016762235560393194
0.01669362630645645
0.016625385804587806
0.01655751160149482
0.016490001263334653
0.016422852375535136
0.016356062542617775
0.01628962938802241
0.01622355055393403
0.016157823701111036
0.0160924465087156
0.016027416674145464
0.015962731912867883
0.015898389958254915
0.015834388561420675
0.015770725491060147
0.015707398533289656
0.015644405491489096
0.015581744186145656
0.015519412454699271
0.015457408151389539
0.015395729147104322
0.015334373329229815
0.01527333860150219
0.015212622883860898
0.015152224112303077
0.015092140238739858
0.015032369230854003
0.014972909071958885
0.014913757760858994
0.014854913311711886
0.014796373753891492
0.014738137131852798
0.014680201504997794
0.01462256494754322
0.014565225548388967
0.014508181410988303
0.014451430653219365
0.014394971407257628
0.014338801819450079
0.014282920050190233
0.014227324273794861
0.014172012678381422
0.014116983465747194
0.014062234851249324
0.014007765063686296
0.013953572345180248
0.013899654951060762
0.013846011149749763
0.013792639222647424
0.013739537464019326
0.01368670418088461
0.013634137692905496
0.01358183633227748
0.013529798443620997
0.013478022383873963
0.013426506522185435
0.013375249239810233
0.01332424893000473
0.013273503997923517
0.013223012860517204
0.013172773946431116
0.013122785695905137
0.013073046560674284
0.013023555003870525
0.0129743094999253
0.012925308534473164
0.01287655060425634
0.012828034217030142
0.012779757891469307
0.012731720157075325
0.012683919554084546
0.012636354633377249
0.012589023956387637
0.012541926095014522
0.012495059631533087
0.012448423158507343
0.012402015278703443
0.012355834605003908
0.01230987976032263
0.012264149377520591
0.012218642099322576
0.012173356578234555
0.012128291476461835
0.012083445465828131
0.01203881722769517
0.011994405452883298
0.011950208841592739
0.011906226103325576
0.0118624559568085
0.011818897129916222
0.011775548359595822
0.011732408391791531
0.011689475981370379
0.011646749892048523
0.011604228896318286
0.011561911775375808
0.011519797319049443
0.011477884325728814
0.011436171602294487
0.011394657964048385
0.011353342234644726
0.011312223246021814
0.011271299838334177
0.01123057085988561
0.011190035167062672
0.011149691624268885
0.01110953910385941
0.01106957648607655
0.011029802658985741
0.010990216518411892
0.010950816967876871
0.01091160291853697
0.010872573289121326
0.01083372700587078
0.010795063002477352
0.0107565802200241
0.01071827760692584
0.01068015411887008
0.01064220871875876
0.010604440376650245
0.01056684806970224
0.010529430782114838
0.010492187505074243
0.010455117236697065
0.010418218981975072
0.010381491752720356
0.010344934567511175
0.010308546451638066
0.010272326437050689
0.010236273562304927
0.010200386872510604
0.01016466541927965
0.010129108260674669
0.010093714461158062
0.010058483091541504
0.010023413228936007
0.009988503956702324
0.009953754364401766
0.009919163547747576
0.00988473060855671
0.009850454654702008
0.009816334800064754
0.0097823701644877
0.00974855987372868
0.009714903059414227
0.009681398858993998
0.009648046415695504
0.009614844878479054
0.00958179340199323
0.009548891146530935
0.009516137277985514
0.009483530967807291
0.009451071392960963
0.009418757735882584
0.009386589184437584
0.009354564931878974
0.00932268417680565
0.009290946123121417
0.009259349979994266
0.009227894961815841
0.009196580288161511
0.009165405183750626
0.009134368878407115
0.009103470607020558
0.009072709609507517
0.00904208513077307
0.009011596420673056
0.008981242733976052
0.008951023330326416
0.00892093747420692
0.008890984434902329
0.008861163486462842
0.00883147390766796
0.00880191498199103
0.008772485997563412
0.008743186247139599
0.008714015028062237
0.008684971642227647
0.008656055396051547
0.008627265600435014
0.008598601570731059
0.008570062626710872
0.00854164809253107
0.008513357296700682
0.008485189572048735
0.008457144255691888
0.008429220689002526
0.008401418217577047
0.008373736191204266
0.008346173963834582
0.008318730893548594
0.008291406342526954
0.008264199677019564
0.008237110267315632
0.008210137487713817
0.008183280716492462
0.008156539335880354
0.008129912732027504
0.008103400294976283
0.008077001418632724
0.008050715500738267
0.008024541942841393
0.007998480150269835
0.007972529532102781
0.007946689501143495
0.007920959473891983
0.007895338870518038
0.00786982711483446
0.007844423634270454
0.007819127859845261
0.007793939226142083
0.007768857171282194
0.007743881136899139
0.007719010568113363
0.00769424491350682
0.007669583625098054
0.007645026158317209
0.007620571971981422
0.007596220528270394
0.00757197129270209
0.0075478237341087585
0.007523777324613021
0.007499831539604162
0.007475985857714877
0.007452239760797664
0.0074285927339021