220403137810.159
112315.729681387
73388.8349450104
43778.0569847967
16953.0151770100
14525.4369437976
8725.60776240974
6784.89142879687
4685.34601439698
6504.59081403900
7378.84236168247
7141.85429065429
6020.93921441449
4250.71512469959
3597.50042486401
1849.72087684181
2814.55861311777
2772.89923022265
1195.51731740812
2096.69857205729
1419.98843756870
1638.52732987400
1209.86025480750
1316.69630655481
908.567810852087
613.532502759461
978.349651241198
591.393860139117
582.200148267230
552.416121181024
363.491729613963
407.865017386549
447.618298089658
538.074432384329
457.222080555440
355.032534455684
220.298677165137
248.719485320401
218.523718127737
200.828515064905
184.274873437298
245.336168659175
241.543405228389
223.284839485514
183.720589963078
156.388311018481
153.231765698353
149.038671058280
89.4972407992559
100.852442887793
86.2166428448671
93.3452960136909
110.214210616381
96.8619847607140
84.8865663029699
111.097420089894
82.3260307828210
66.5238649008805
64.3772802308765
57.4380457622874
54.1781585502373
44.4293365226433
49.9986200642956
41.3194020990335
43.8760165706036
45.9942407460024
36.6425551420684
34.0013366302709
44.0181635443611
34.4675710498774
30.7977408500935
34.0025284038398
35.5140200573911
27.3374778482687
29.3664235589800
24.2740870132246
26.7882183491008
25.7886368325390
19.9571349250122
20.1673326361566
22.9119329438293
24.9104453315406
20.2504246682373
21.4713069074736
17.1264465987009
16.7132820706516
18.9421503161545
16.8623510292059
16.9890308596443
16.6003044188801
16.2292524170278
13.8953932253021
12.3405376095209
14.7233546987081
14.3969990400881
11.0591829923470
12.2137959857859
12.9889386745055
10.4951484376037
12.2123310096420
8.89446652613917
9.05510641982920
9.91888418365644
10.1253047849692
8.46224239322616
7.52426771874449
8.65735863962746
8.36784966378149
8.84064948304300
7.05062478553784
6.80993322144527
7.24575901052700
7.52428943899810
6.95864843069107
6.55902597703923
5.87992433407479
5.56785395899887
6.28253169985462
4.92660875834451
5.47692495032028
6.19334067374317
5.68951400795284
4.69909634270789
5.07157739335931
5.03564427238569
4.64368311124928
4.13251405783571
3.99696803458829
3.97536005712832
4.23657318000036
4.74958735110401
4.95127930523714
4.57601107022724
3.80400064179311
4.00359094624356
3.46828837796221
3.60439913550057
3.66334170407799
3.39353484224088
3.28887468219172
3.34279481459898
3.07085792078593
3.07887975550854
3.21437519738664
3.14842578763981
2.99477765207957
2.97763258235842
2.27268565464965
2.29985121747404
2.78823459894915
2.31117784357290
2.42072259218395
2.14374729464460
2.17327861154128
1.85606922909646
2.38172983590083
2.43312814454990
2.42473853620959
2.37213817438428
2.02943926119891
2.20347595394562
1.91411891281046
1.79790815400160
2.05261791784590
1.91000705865131
1.84797453291536
1.57563593588544
2.00060645620493
1.95715405405326
1.65024079841395
1.89087279303125
1.65378361147278
1.63141332892530
1.38294508958745
1.53389558544676
1.43244884163262
1.32337882889141
1.32791060068188
1.40743934633500
1.31183760642897
1.36442289995826
1.43533178875718
1.15628879264145
1.11540446753086
1.20269659300583
1.16004520528482
1.21365344114359
1.14313835080382
1.11562291075456
1.12231154398255
0.976680487161318
1.17559278920516
1.00823388722928
0.966786439149529
0.904880205917562
1.04924370634195
0.953693523764005
0.987311178096729
1.00262162501931
0.967358260353408
0.858385222537926
0.850151615704104
0.820342710977648
0.741882202505212
0.792671182588862
0.813131299446876
0.841035959234322
0.886792275371157
0.805482130406449
0.806803815575084
0.821758619988928
0.769813558963670
0.800431927310979
0.668618746695127
0.607007919700066
0.784709067757423
0.637200539813025
0.621882623434439
0.709251991610834
0.607656138303179
0.581943965891947
0.619886433953306
0.620639870987908
0.565771051493721
0.656475498086903
0.608999903170423
0.560535909131633
0.614192375925593
0.571490590993899
0.532173621444036
0.564457751423010
0.544481284121567
0.585914606294066
0.498886470822251
0.458802651347017
0.553262852369977
0.487363580945001
0.414264334244117
0.396010292910977
0.525875603098976
0.488324635134617
0.510484826342817
0.435948123790009
0.453581194841699
0.426943297324300
0.451770030671557
0.426928384695933
0.391021736483124
0.406616552213742
0.379354688212055
0.415688420838113
0.370614076525364
0.395974360698401
0.354575370787449
0.339931703759125
0.327402446687002
0.359860452034198
0.332273996536254
0.317548537813267
0.363427773157949
0.352841888130059
0.380333522740205
0.338617103256950
0.351062183651416
0.326064869625947
0.305674701551273
0.317789010345345
0.305888355897809
0.307073425339610
0.279518102066095
0.305280753686500
0.304830142260110
0.278494562621392
0.281884573529307
0.269918612704459
0.297933945603242
0.265124378290335
0.253086705915331
0.263641792263926
0.256102041028209
0.256275444845786
0.241349077047046
0.255400727294366
0.215040016582152
0.233565367078781
0.233424124795943
0.215112542845992
0.204652412598844
0.236857469906099
0.203268354175006
0.217594583261858
0.214765747503350
0.223064587732597
0.201846702381740
0.232837297800474
0.209090013568603
0.204476706822963
0.203506206959065
0.201738823215185
0.195858289843234
0.183428122158099
0.197906703216162
0.202348172664555
0.181842376546525
0.186301236944234
0.173353122575581
0.180237279097703
0.198688294430380
0.173984274717563
0.183543436878686
0.180477450422419
0.177208836803421
0.155685645034552
0.149378933759658
0.152912893773648
0.144405391216377
0.146716804313406
0.158358260785166
0.154656837676255
0.146443661949743
0.152597585958748
0.150007337987175
0.155964476836208
0.157026668584057
0.152112173320388
0.146831223827312
0.142916598729220
0.145861821251156
0.129392453449478
0.136252756087775
0.147950008638233
0.139574522540927
0.123878310943125
0.136901792061737
0.126359282838896
0.126555957497624
0.113885168482898
0.128542087396023
0.120637981901897
0.130205740652506
0.124040160809318
0.120729756781373
0.123679527475436
0.111000728256317
0.113344123855899
0.111947230403239
0.123265463232640
0.122262760282569
0.119403724754929
0.111140822880040
0.0976484403050482
0.108776230439678
0.108425021383075
0.101824037129361
0.104256893198586
0.110103647395836
0.101805559060053
0.101163434334189
0.0927142735012588
0.106184118313934
0.0976797386143765
0.0955167138853781
0.102253356606812
0.0884790628876635
0.0966075061991188
0.0907723855696982
0.0914289166527409
0.0921105573965349
0.0899950248762691
0.0870038825210045
0.0844765218315703
0.0799138933695098
0.0821167429297111
0.0819095928315124
0.0832905260860097
0.0803274659499859
0.0809001736108772
0.0863018642480426
0.0806155874872998
0.0810820215830992
0.0818208096514210
0.0704640206371500
0.0781452713951763
0.0724290677808331
0.0780487967636470
0.0702890543816441
0.0699263737600583
0.0783590636864960
0.0644294881165130
0.0672461414977398
0.0713541757141828
0.0635604152469315
0.0657972346649754
0.0706782073868316
0.0698031500160930
0.0640664685872926
0.0651348510441387
0.0609490893488729
0.0625194825055115
0.0578606967750602
0.0641360071536608
0.0637637762387203
0.0609348464686838
0.0610572221292784
0.0576354074265155
0.0562331308939272
0.0613365851185110
0.0590283984196545
0.0607214715329101
0.0560880940544728
0.0542873526427313
0.0552819966459449
0.0569918162467789
0.0522907640630226
0.0539675064191691
0.0572830226555408
0.0522561510241539
0.0568193378816204
0.0494173892781441
0.0498758650469678
0.0550426153153991
0.0493127138317110
0.0480267233473149
0.0498114527316533
0.0514811431833915
0.0490123820278412
0.0491231016962231
0.0475962502544151
0.0469536099759367
0.0444432665824103
0.0470706200033478
0.0443769619413884
0.0460081926136867
0.0428150261452717
0.0457611819240412
0.0432317483672299
0.0417421390031747
0.0427709281572812
0.0388288190633477
0.0407177603576590
0.0428291071067891
0.0408476281481267
0.0408592196313954
0.0382696932867992
0.0390052883046179
0.0419901184408277
0.0427959410015718
0.0388030529721014
0.0386599219458850
0.0361402992954589
0.0375411479853176
0.0358750170274090
0.0355710575780286
0.0410286882705995
0.0378004655388353
0.0338578560012694
0.0349795206009847
0.0339500205795836
0.0340399352091694
0.0330447086441357
0.0329054443075916
0.0309919468652737
0.0341975858051729
0.0345930763454527
0.0325100743794363
0.0351683120992386
0.0329198440939459
0.0330099393482778
0.0315936732929299
0.0314973262482183
0.0341552491098214
0.0283924476451579
0.0306946008154858
0.0321367911663217
0.0293059345868515
0.0282900278187962
0.0285732323400464
0.0281358490932453
0.0280485282394819
0.0260729710757452
0.0274786297002275
0.0278082362802328
0.0265560754027298
0.0278868840690046
0.0276276892380484
0.0246923981935644
0.0249030571057249
0.0246453598844872
0.0256059504390365
0.0261012091995205
0.0268693625505814
0.0277878712366899
0.0231414645704978
0.0228559923861732
0.0236235177076293
0.0264599676156479
0.0241376822271771
0.0248217567113922
0.0229890980189650
0.0250022489500600
0.0247032141216404
0.0221701737960833
0.0240579792673055
0.0225715426631503
0.0222239303731591
0.0210464750949099
0.0236171998618012
0.0217529167644749
0.0222856359678077
0.0214102799968765
0.0234781365679503
0.0221692888634930
0.0211291524425255
0.0202311231139830
0.0199314998314264
0.0195833939379655
0.0207894385216870
0.0205857913111767
0.0194031270285842
0.0200535429580849
0.0203628433478899
0.0187235846933037
0.0189231253464039
0.0190498786598246
0.0197773631386748
0.0182994793902274
0.0187096794256017
0.0195392912948032
0.0172689171959394
0.0187588275701787
0.0170054947257097
0.0180443616073997
0.0172749689222261
0.0173786746232720
0.0156568226827704
0.0178365414290218
0.0170101568151411
0.0149397823582185
0.0164528535563401
0.0165701421881112
0.0156600106071337
0.0163587070964713
0.0157539461488611
0.0156392047630170
0.0164271284678302
0.0157599843917327
0.0163657849703641
0.0151697377768733
0.0139019828587146
0.0152772362736197
0.0162086426107105
0.0161781065320065
0.0145878119279547
0.0162614843227779
0.0144044478921593
0.0142743909537516
0.0140152507909420
0.0137633951598782
0.0139192758413218
0.0150639590178329
0.0137877453256794
0.0134510111457311
0.0146198715489374
0.0132717332523899
0.0134855992590295
0.0126303849162546
0.0125046369614676
0.0125617372077379
0.0132077734920086
0.0126427973726459
0.0128711175715945
0.0112112452120911
0.0123562870557822
0.0125686722937023
0.0125421006545251
0.0124232164432455
0.0121692738377480
0.0121314221468136
0.0121455843231980
0.0119950523581421
0.0117384841841001
0.0114981800629681
0.0109178701089464
0.0119282621788936
0.0119137314031564
0.0115070402008817
0.0106872621704277
0.0110847858142918
0.0119232891532403
0.0108452524294988
0.0116935581662071
0.0104038344099836
0.0112224472792205
0.00987450979203068
0.0108118223344248
0.00930237772108738
0.0102599821787108
0.00988053837595022
0.0107450803429623
0.00997056290584200
0.00983137547447799
0.0101022733253662
0.00957129045887846
0.00940523940689215
0.00893516902124238
0.00979451516667904
0.0102633128273909
0.00896372511275124
0.00929389407607417
0.00963305597828716
0.00974146936106865
0.00947583589315443
0.00828658143431011
0.00845095034883456
0.00877045306456583
0.00899025540354286
0.00940610738939970
0.00885082217918060
0.00864704593277707
0.00902317606264242
0.00781349770770274
0.00857148256656352
0.00844670080251858
0.00813520043812431
0.00839423060329743
0.00836497565953736
0.00826678577392964
0.00795275338088570
0.00755610869669780
0.00818093557263150
0.00824571519493292
0.00803564240380366
0.00797806241433781
0.00712674667899087
0.00748380015729110
0.00813331830209201
0.00763717163502962
0.00723564707548755
0.00715206381331832
0.00683653948096457
0.00744035639172100
0.00728924028360450
0.00698044019379441
0.00772124889706896
0.00672903851785974
0.00669223236097153
0.00699540172361521
0.00687601535850614
0.00676744662297713
0.00696427851368616
0.00682590551190293
0.00674537936456717
0.00663628204564187
0.00651639323377366
0.00683107112148166
0.00701505860145605
0.00640532514997384
0.00606006300509383
0.00663312078886028
0.00621521324803297
0.00622356028647301
0.00613146535888328
0.00610098705588652
0.00607829123884876
0.00643646342289493
0.00641700413743518
0.00577347712415911
0.00600455271936773
0.00568998524709527
0.00615689837678089
0.00577085814921370
0.00560830292293207
0.00596943414094839
0.00550871272693658
0.00557260645675139
0.00571264227992750
0.00573856157634768
0.00556460611387246
0.00587891232473376
0.00570867083768098
0.00532646257002139
0.00583825119159060
0.00543595697858999
0.00543928846240915
0.00558917712644310
0.00488970082555767
0.00531445944192325
0.00521783772571256
0.00520570202952110
0.00524238007562919
0.00504954293557295
0.00492764924012875
0.00503924864665453
0.00426940817998868
0.00460027089165811
0.00493057272639018
0.00467475414763781
0.00454041799527910
0.00476335118552319
0.00476455743177708
0.00458958527204360
0.00477066516369136
0.00457905515514701
0.00464742826811013
0.00473337920626678
0.00450637442385927
0.00443636816162100
0.00438287358572178
0.00434128650356432
0.00454651011213227
0.00426869598833855
0.00457552374524305
0.00408726813218253
0.00424631840780267
0.00423682801867178
0.00407805667250363
0.00424982902089384
0.00415412175830816
0.00414767401209702
0.00382168625140590
0.00395939756017073
0.00389660450374228
0.00387477257092250
0.00414633989201368
0.00412455994700951
0.00388297518818414
0.00389385971286519
0.00399694985790094
0.00366473416416278
0.00359151500010721
0.00352167027604578
0.00357789833561908
0.00340852585003945
0.00388247091444216
0.00379461042828565
0.00357514405998034
0.00359834345869287
0.00347791606244551
0.00359986846232693
0.00352837318400285
0.00341420248404976
0.00366359203343275
0.00330683261048009
0.00365169094892663
0.00309898795888572
0.00341959552843683
0.00327354483556389
0.00354623942141675
0.00327589006428209
0.00339406032784954
0.00330909925535403
0.00299344003354144
0.00313244573619269
0.00333480934890188
0.00335616085115142
0.00298516248233336
0.00323585687670251
0.00311835165709533
0.00315943993981381
0.00299494119351946
0.00300745404269735
0.00298446068372628
0.00297025095409183
0.00337494223888963
0.00316859224162507
0.00301319259553431
0.00299156984238314
0.00292565447777571
0.00287894135923198
0.00300682883306966
0.00284911597455900
0.00274211319024184
0.00290651295102444
0.00260170686586800
0.00275494174861747
0.00262830341711030
0.00275321105691313
0.00263765558249313
0.00281010729067862
0.00262034506040778
0.00271846301129559
0.00265920243037085
0.00274958867184110
0.00257239928599072
0.00261819224791802
0.00263737410314754
0.00246580272675545
0.00247669668061543
0.00255465993034995
0.00253345609553819
0.00240683455534543
0.00247603311310723
0.00253172655052826
0.00242958694578905
0.00234689602074484
0.00231953191795245
0.00241892952205302
0.00223706948272000
0.00221733874620178
0.00232862471688001
0.00244817193463016
0.00247030734762146
0.00223149714194639
0.00239819775542804
0.00224435185550003
0.00228397071129541
0.00226433374665690
0.00220240918535958
0.00224579612981724
0.00213692517947344
0.00213079568610102
0.00211315554070739
0.00205308680858588
0.00231999750497795
0.00213007642308922
0.00212812011129129
0.00197612410460310
0.00200630885659858
0.00211784832125738
0.00206177481865822
0.00192100913872601
0.00201319845693456
0.00211545134971824
0.00193248687358698
0.00201427231836137
0.00196210534428481
0.00190099347649571
0.00189507911056000
0.00193731016306729
0.00191936087744000
0.00194466902726403
0.00175791917893351
0.00181983967908417
0.00179300920851550
0.00187475677678612
0.00188885285544475
0.00187870007832145
0.00180363811376275
0.00181741591807123
0.00181504540412028
0.00186114526491319
0.00186805977597378
0.00172886579014538
0.00179377984615964
0.00173359385214353
0.00178430076949259
0.00171525171568911
0.00169552270701963
0.00180899635169228
0.00169300724654667
0.00168328366244828
0.00166554222525671
0.00178258331835357
0.00161901770616749
0.00174388710395864
0.00167584772509893
0.00162242700004563
0.00163437136160050
0.00156451039675333
0.00154691287532349
0.00158316317477642
0.00155954089086072
0.00159619078350207
0.00160645357757534
0.00161322930870775
0.00154751581828467
0.00146697019156995
0.00150566410684198
0.00143592344408581
0.00155640290696235
0.00150354658596706
0.00149286542848629
0.00137964068754618
0.00145870526456969
0.00151213359651001
0.00153656220857702
0.00137570876984462
0.00135681222467265
0.00138090444290191
0.00153906655014894
0.00135859265135674
0.00130796099510941
0.00145515734015657
0.00144802544622991
0.00137964670841733
0.00132688379084495
0.00131700272813059
0.00126320375888621
0.00135020252809130
0.00131586150610560
0.00137134004619373
0.00131144616476966
0.00124088400097111
0.00123917006056542
0.00121617795304522
0.00132041508262489
0.00132199009855641
0.00122263802498889
0.00119174430127709
0.00119858675132053
0.00124332395226414
0.00126155757863067
0.00125527282035978
0.00120092678936931
0.00120356244063317
0.00121503900932883
0.00124838173579254
0.00116561513097981
0.00124117176377442
0.00116860178223080
0.00111417543075262
0.00117529105074365
0.00112924571597315
0.00107760671076902
0.00117423210528937
0.00116016014312320
0.00112730754407480
0.00112083486025648
0.00107325119651828
0.00111059734465604
0.00110014077558405
0.00108648601616854
0.00102561514226150
0.00109181532810528
0.00101180702286356
0.00104987450983330
0.00109640765427272
0.00104478436469923
0.000967888591164318
0.00109450240510280
0.00105259579822939
0.00100168458866197
0.00101615141087328
0.00100974223138271
0.00101857223449095
0.00106239288311980
0.00100595107327018
0.00100072959888196
0.00101461559421802
0.000948056018374081
0.000970786412839244
0.000981163785619093
0.000954300616157180
0.000929037241265102
0.000962142002510705
0.000904544562511156
0.000967884031754508
0.000966612797678971
0.000979275882943310
0.000917757614079276
0.000948248524856914
0.000901073597046433
0.000916549317657582
0.000867861581695468
0.000854771803023561
0.000877634195628487
0.000888451661266389
0.000909488257469783
0.000837789166061791
0.000856676229786144
0.000848217906425575
0.000874657322287196
0.000818372516380043
0.000848285952964074
0.000819288086807922
0.000832173074468504
0.000861158189426451
0.000769719513304450
0.000816925541660016
0.000826395078844965
0.000791442348297022
0.000824572106201450
0.000832453692538777
0.000781807483298942
0.000816015999054904
0.000802810533816946
0.000849905014491115
0.000742728713052249
0.000808319031373215
0.000778126952594857
0.000761161289472882
0.000730518628973266
0.000729949267761005
0.000740671502652735
0.000747762760884816
0.000759439838048323
0.000744769403446795
0.000746522510151703
0.000735890578944700
0.000732990422835411
0.000715446207656656
0.000693673675157057
0.000684853181835375
0.000746244584536955
0.000704853199291908
0.000671950244291438
0.000728568627879137
0.000652661170039921
0.000704198444923238
0.000676501736923963
0.000706121952695281
0.000702379887224898
0.000649919449291899
0.000698680402774062
0.000662361472586756
0.000678935054655349
0.000703217858702288
0.000676614661037633
0.000621820132435923
0.000645157258705489
0.000626226858956506
0.000659225747558359
0.000677142429881269
0.000659848067615178
0.000634578304786907
0.000631276223717773
0.000597107843019670
0.000617278717423331
0.000625517454789950
0.000600875999480667
0.000610962712561887
0.000552296922145214
0.000586191905850813
0.000576394150205405
0.000613199296247904
0.000577935459933558
0.000605833700149629
0.000598432747138363
0.000589239814697329
0.000552426397213706
0.000576386579680678
0.000544260501640978
0.000561423462181229
0.000598430095022516
0.000546695228132051
0.000527569179534615
0.000566411365567184
0.000560194042042084
0.000529384938919266
0.000554377460833374
0.000573078345345364
0.000528867547079540
0.000518445617635792
0.000529396952223614
0.000541005824857672
0.000548948515074296
0.000510083288254520
0.000508792631569789
0.000503425668659895
0.000498224035207995
0.000528106737298408
0.000502705895642788
0.000495987838762628
0.000510613395380412
0.000511683631265941
0.000482646916797752
0.000504060194250616
0.000472676438208024
0.000480266863021558
0.000493748692189404
0.000498980194015343
0.000474847317495820
0.000497860284611916
0.000449040465612390
0.000485773538447413
0.000459755372563618
0.000473954385681790
0.000484077048392614
0.000485149934119145
0.000463754186219750
0.000459579438744847
0.000448514719179930
0.000430068621946897
0.000457564821788878
0.000446709725721979
0.000436323902685561
0.000460126636854074
0.000431226486396287
0.000425620241809492
0.000446004677422732
0.000457978461113587
0.000438559554702430
0.000431729072166338
0.000423992295806645
0.000440062143147059
0.000431005467271061
0.000412078868352258
0.000434767148231310
0.000414227623178084
0.000389570334329194
0.000389542834093289
0.000407257398464908
0.000410045881973736
0.000414953564214538
0.000387039623636223
0.000395345797717837
0.000381121947745992
0.000401469729105345
0.000391591327269165
0.000395962607156224
0.000382320819826910
0.000416736876304304
0.000388586039310938
0.000382390069251258
0.000375343837754132
0.000368468895699118
0.000389264891783005
0.000369089175530239
0.000369137094421026
0.000371150041420307
0.000366215862862640
0.000358209189819916
0.000365057087251981
0.000378532868472980
0.000347979399010488
0.000356513430280231
0.000324294292703776
0.000351814681030386
0.000342710425344264
0.000357262150662367
0.000344974984151416
0.000341116403806594
0.000345121570889856
0.000327173319375439
0.000343812228270693
0.000342284546416777
0.000343321327288587
0.000330571313738517
0.000336913728582444
0.000329138824523096
0.000346747618584421
0.000312537392818921
0.000309336348772658
0.000304288900156350
0.000336536035140186
0.000337519898418894
0.000303363552008082
0.000309978215641036
0.000336880588360050
0.000317099556733377
0.000309723264526731
0.000299754221131016
0.000316092650070385
0.000311693799962529
0.000309203858179358
0.000278238017222319
0.000291102488223087
0.000290789116263923
0.000291782253374222
0.000306841697446006
0.000303376228919578
0.000282213173567464
0.000286507933343573
0.000293184612799844
0.000279839508746932
0.000294688547947133
0.000296324584046921
0.000291462747782843
0.000283174529294650
0.000284635527934917
0.000286530470982979
0.000281440861261185
0.000273097104664455
0.000260721642369601
0.000279714172865747
0.000284538584140118
0.000273371989168729
0.000278025266033534
0.000260060657048057
0.000275977801725464
0.000268843503390077
0.000265561693122700
0.000268066921019721
0.000264412533076847
0.000245743801382365
0.000252280307694141
0.000257940675841534
0.000256750075246106
0.000264322948736185
0.000253311952520483
0.000260043318937337
0.000243822812604303
0.000242229916183362
0.000237713307488391
0.000236950337523265
0.000258604096230880
0.000238892278157034
0.000250429063654956
0.000237984262963697
0.000234620359725510
0.000233946874898483
0.000239959047571693
0.000241972329361910
0.000233722356156815
0.000237709974951536
0.000223992394403431
0.000239268811377133
0.000229694945895647
0.000228464599274892
0.000231700881824964
0.000212813481661767
0.000222493222466399
0.000217942547191603
0.000219635627979747
0.000218137613913578
0.000219310425472053
0.000222146706068154
0.000202380034165028
0.000218504174001404
0.000211444712060414
0.000216491245509073
0.000212519830677954
0.000219891728605473
0.000206357773753731
0.000210177450774883
0.000207687007425048
0.000203301037191547
0.000207100982777026
0.000213694067716628
0.000200220530645560
0.000195812344015522
0.000191514904711350
0.000195188807462879
0.000195994901249925
0.000203887930431513
0.000201743911787211
0.000195749849747819
0.000190708133509535
0.000186083609992837
0.000199413305256499
0.000183336737435242
0.000196570538568233
0.000196798127830423
0.000197788629445835
0.000180681483566377
0.000182598458081495
0.000185684020959388
0.000181572187277617
0.000174323112334289
0.000184273755869886
0.000181320152530300
0.000186759591704239
0.000182470237317633
0.000182835234572292
0.000177475238046476
0.000175040477636150
0.000166881753109583
0.000173682908982672
0.000174781489423410
0.000170614598229735
0.000177839509700429
0.000167139844667157
0.000176438931153092
0.000160328220564471
0.000163432525755969
0.000156157509141764
0.000167775053658213
0.000167554979617616
0.000163709621974734
0.000182259221673241
0.000159588491404318
0.000169962537490765
0.000160710803126486
0.000154795704333723
0.000153278256996433
0.000156277590484598
0.000160382247391204
0.000153370880723839
0.000151416379409358
0.000152273123884260
0.000143066815374300
0.000148302701529083
0.000151820839560457
0.000149777277018391
0.000146822311105941
0.000150600538148486
0.000142505430468296
0.000140448158775390
0.000143305876411265
0.000142756064215360
0.000144772897437849
0.000140202551564214
0.000144804259773332
0.000140711532891020
0.000142500518329721
0.000139053470142772
0.000145810101043403
0.000141849189082342
0.000135479456704862
0.000145146549170154
0.000139351365675476
0.000136608025494401
0.000138565341593746
0.000141669041438870
0.000138997344601951
0.000139318470537246
0.000137585450220676
0.000129298007305232
0.000130505516597061
0.000133216601594248
0.000131838706404625
0.000133552230849715
0.000127067586423118
0.000130633545391508
0.000129160983398396
0.000128267411419558
0.000124580946801149
0.000131814513175403
0.000125244608065078
0.000125734322486563
0.000120924658112451
0.000128221804941332
0.000122430978263906
0.000124270789024360
0.000127360196987257
0.000122787528362468
0.000117905983003273
0.000115349230879330
0.000116068982706416
0.000115406397529542
0.000114903155288232
0.000120914159683381
0.000112665158169095
0.000119638254563764
0.000116171787926356
0.000113826492939288
0.000114601389659567
0.000112331032968306
0.000108612310505263
0.000106499043397513
0.000104007580291496
0.000107551814108653
0.000110402500216931
0.000108495857163187
0.000106850796136627
0.000101656777632445
0.000111816260673440
0.000102989200283583
0.000104876945331036
0.000103305139644625
0.000111052467441145
0.000103841889054238
9.81773770079223e-05
0.000103524352032894
0.000105681807251290
0.000102889295766142
0.000102974840438189
0.000101699192867682
0.000105362019629404
0.000101097143495391
9.90832380672751e-05
9.73709191779722e-05
9.79172969778990e-05
9.95090365559220e-05
9.93913103191237e-05
9.84669448426716e-05
9.32277441687895e-05
0.000101322014085945
9.85917070563186e-05
9.69587544456853e-05
9.57514215730192e-05
9.06214346426734e-05
9.40676583177416e-05
9.05901010971857e-05
9.73173698518929e-05
9.21627788552136e-05
9.35659862282861e-05
9.15315590539825e-05
8.94326119668167e-05
9.03410455134326e-05
9.79167609229195e-05
8.80559868418532e-05
9.17768076214351e-05
8.18246003823981e-05
8.94239986453492e-05
8.49125713629824e-05
8.48536376048580e-05
8.77296624616873e-05
8.26568103420457e-05
8.45867431842182e-05
8.47223599263164e-05
8.60205723936663e-05
8.32075021368672e-05
8.38030778519983e-05
8.22272509317477e-05
8.28887827662666e-05
7.94952544215286e-05
7.99071546346901e-05
8.11533890598295e-05
8.17592422215696e-05
8.14644224520326e-05
8.17700020540265e-05
8.04141746500926e-05
7.67707025060241e-05
7.90990241560656e-05
7.98313531981337e-05
7.75159464160662e-05
7.40162011841033e-05
7.89879160147411e-05
7.69884879839823e-05
7.73676194097544e-05
8.62182109291666e-05
7.88252400247542e-05
7.86181836232618e-05
7.67857081655836e-05
7.44869657606471e-05
7.53298689131413e-05
7.41547765151425e-05
7.31034396236332e-05
7.24774831277357e-05
7.18198706243650e-05
7.24903338671636e-05
7.30605049426332e-05
7.33781006404324e-05
7.41892249529126e-05
7.20812452532733e-05
7.04967622126769e-05
7.17343242783937e-05
6.82403745839494e-05
6.80040606397955e-05
7.10859286623145e-05
6.90313499856500e-05
7.01802203227568e-05
6.45053056569882e-05
6.56971054180353e-05
6.88499988013365e-05
6.92461886257707e-05
6.78246553812444e-05
6.44859056118436e-05
6.38842490656281e-05
6.65935477477303e-05
6.97944590274744e-05
6.46624791010421e-05
6.50796508386294e-05
6.34579003621288e-05
6.75715899592681e-05
6.61480622359489e-05
6.28124559751172e-05
6.20094283415198e-05
6.20024069680657e-05
6.41616309585768e-05
6.17758435389872e-05
6.30062994408114e-05
6.12836086250355e-05
6.22399114630246e-05
6.41855307215760e-05
6.30808388827463e-05
6.12774784130917e-05
6.27852938336872e-05
6.17424302062767e-05
6.30573742305547e-05
5.94309903709772e-05
6.09304958089351e-05
6.08528598649926e-05
6.15580144403936e-05
5.89365652936534e-05
5.80777054165190e-05
5.92036747551043e-05
5.56074166131433e-05
5.63859181100515e-05
5.72317200530848e-05
5.62716767014009e-05
5.62490218957490e-05
5.69719468683708e-05
5.69467305315621e-05
5.64730168682872e-05
5.50358482199064e-05
5.59537722613517e-05
5.54765241968061e-05
5.33165053391901e-05
5.39108247548326e-05
5.52841207956679e-05
5.42221827678615e-05
5.43074388075933e-05
5.17437953909582e-05
5.40007444416580e-05
5.19102728788773e-05
5.26295483511996e-05
5.20172517878741e-05
5.12347308419620e-05
5.33014192805314e-05
5.41946260306643e-05
5.13077567489326e-05
4.97437320684587e-05
5.10853379616018e-05
5.01925180422918e-05
5.03496396979796e-05
5.09038931281402e-05
5.07746685037446e-05
5.12779347714262e-05
4.97510808281619e-05
5.23205424854614e-05
4.81882309923242e-05
5.03421905472091e-05
5.06031440110556e-05
4.82505360693911e-05
4.84717893606123e-05
4.81082895218975e-05
4.94485647634530e-05
4.80217214982834e-05
4.61135022993410e-05
4.57981067593880e-05
5.01399244241235e-05
4.75745023888942e-05
4.59237408550701e-05
4.44455048070370e-05
4.65347181769722e-05
4.50091983742199e-05
4.56521790165379e-05
4.43706624420040e-05
4.43672298643611e-05
4.77743845782344e-05
4.64075602588732e-05
4.50161228712799e-05
4.55804430546897e-05
4.33686005799471e-05
4.43360639565939e-05
4.44122271859960e-05
4.31135311047750e-05
4.17119743151394e-05
4.37768830515872e-05
4.29463196959551e-05
4.24893118948269e-05
4.38724182984937e-05
4.34930929431007e-05
4.02766381986502e-05
4.10345424977694e-05
4.11813959833659e-05
4.22816468666187e-05
4.07695585531610e-05
4.12949546247242e-05
4.13608186461384e-05
4.08807872933180e-05
4.02002383569333e-05
3.98292191691795e-05
4.16096816131980e-05
4.05495342483773e-05
3.98325101329983e-05
4.04527208219705e-05
3.98213492128513e-05
3.93050620751292e-05
3.99658436404598e-05
3.98763073047740e-05
3.97317372969016e-05
3.84285391155687e-05
3.91986153771722e-05
4.10031060893406e-05
3.88784858909353e-05
3.85601371217293e-05
3.82259102899444e-05
3.88091178040718e-05
3.91310131137334e-05
3.66171558769917e-05
3.83256792961830e-05
3.98748652136568e-05
3.84355259479662e-05
3.77951269943543e-05
3.69818987618025e-05
3.76679053304725e-05
3.75986246984295e-05
3.60601188031185e-05
3.72024387588830e-05
3.51184404077846e-05
3.58859778564748e-05
3.47917187080197e-05
3.64563252619923e-05
3.40365813401985e-05
3.56323214258718e-05
3.62591728059828e-05
3.60596557370034e-05
3.50948942067940e-05
3.64795452695551e-05
3.46270135259257e-05
3.35069036663391e-05
3.49709259471570e-05
3.61964070140501e-05
3.36878420528559e-05
3.37654204889526e-05
3.32305201423385e-05
3.38820518836608e-05
3.37811489623401e-05
3.63612910526189e-05
3.44235737927630e-05
3.31656057756714e-05
3.30991549067780e-05
3.23088454003676e-05
3.26672658358829e-05
3.36084988251819e-05
3.30193519552108e-05
3.39585224548354e-05
3.26115400713749e-05
3.10687213200352e-05
3.18049256342037e-05
3.15039870837389e-05
3.10300227243050e-05
3.38000460931420e-05
3.57548717998981e-05
3.11198549507466e-05
3.04734046473289e-05
3.02792024695459e-05
3.07787652128270e-05
3.20179051309561e-05
3.10845362457232e-05
3.07753566010144e-05
3.01131532894456e-05
2.99360016640171e-05
3.00056218431991e-05
3.13009237741528e-05
3.11279822442694e-05
3.07713231937908e-05
3.12008873769714e-05
3.02757909999123e-05
2.92155010601512e-05
2.89240754541593e-05
2.88163713754435e-05
2.99755974171307e-05
2.85037634358738e-05
2.86004173073348e-05
2.99640080992948e-05
2.98846569558692e-05
2.82555607827299e-05
2.88824259580072e-05
2.98595531345194e-05
3.02659247326607e-05
2.89113058123505e-05
2.94338266132912e-05
2.84032047989411e-05
2.94692656604008e-05
2.86083154962532e-05
2.93349445355672e-05
2.73286430116665e-05
2.73388084249302e-05
2.79708380668528e-05
2.90475120543633e-05
2.76009163053322e-05
2.68910455732818e-05
2.78179931167805e-05
2.68220236157013e-05
2.73919663447237e-05
2.80269976429318e-05
2.69972632733905e-05
2.65856071967511e-05
2.79978810448542e-05
2.66906021158091e-05
2.68437618271123e-05
2.67002408773087e-05
2.77432926486880e-05
2.69166836185232e-05
2.70335136508437e-05
2.71403841351419e-05
2.60451533188407e-05
2.58345447402594e-05
2.59709965104866e-05
2.64145146398110e-05
2.59661748106167e-05
2.63736333848863e-05
2.55675555327721e-05
2.53111281072107e-05
2.51228876741348e-05
2.44418378054466e-05
2.67490459941080e-05
2.55291300659764e-05
2.49484153840243e-05
2.47502554631546e-05
2.48200845241015e-05
2.37868208835342e-05
2.50188742887667e-05
2.46072551847484e-05
2.53079240681471e-05
2.47779576531344e-05
2.52406145459807e-05
2.59130199694183e-05
2.44243438133230e-05
2.31933922397374e-05
2.40472766404590e-05
2.42620742081230e-05
2.37559633321066e-05
2.48623990464109e-05
2.40581087504509e-05
2.37394175580819e-05
2.37377632747213e-05
2.36606614015816e-05
2.35958249159883e-05
2.31018436752314e-05
2.32397630429259e-05
2.38265167332096e-05
2.35306097276239e-05
2.37132183763887e-05
2.24042027906001e-05
2.34500044467706e-05
2.30874924505126e-05
2.25439484267551e-05
2.28745506118791e-05
2.34502100736058e-05
2.36741448488652e-05
2.30924296502896e-05
2.25562018732566e-05
2.24814799650188e-05
2.25506076949444e-05
2.34736481148347e-05
2.37839582097588e-05
2.22852098700498e-05
2.40143361315506e-05
2.18945245538034e-05
2.30549443525368e-05
2.14119871885455e-05
2.29789026300984e-05
2.17205275203589e-05
2.11677509801370e-05
2.13430224465496e-05
2.25498671725458e-05
2.15318426294812e-05
2.10889966808607e-05
2.09477956079113e-05
2.10391428081657e-05
2.08546057191596e-05
2.11833309459323e-05
2.21278442005241e-05
2.15735170348684e-05
2.16485254187439e-05
2.15281869018942e-05
2.11775506250875e-05
2.07298415195144e-05
2.04467827796204e-05
2.09427450122077e-05
2.02844961035373e-05
2.06496973466604e-05
2.10017029944451e-05
1.99387252186212e-05
2.10314848236709e-05
1.94991472158274e-05
2.06948786579594e-05
2.11855878708398e-05
2.07169630625578e-05
2.02422986690767e-05
2.06812451762671e-05
2.02206747553793e-05
2.04351765937691e-05
1.96587589057338e-05
1.98840263991585e-05
2.00803040556040e-05
1.99138083361801e-05
1.98120634398950e-05
1.98332195405672e-05
2.10388771688459e-05
1.97679127963408e-05
1.92008218060894e-05
1.92897202452367e-05
1.98911901391873e-05
1.99511532617450e-05
1.96823009114942e-05
1.89095494152339e-05
1.97598449081225e-05
1.95419483200248e-05
2.07163252242584e-05
1.95963788611803e-05
1.89304414829092e-05
1.78925453601950e-05
1.93183569145306e-05
1.80826483497898e-05
1.84783334996057e-05
1.87095476059150e-05
1.86945914774853e-05
1.93125061128022e-05
1.87545866730856e-05
1.92083092921588e-05
1.84811738095775e-05
1.84533370272486e-05
1.82829252890468e-05
1.76871934883747e-05
1.83406968604443e-05
1.81082710194445e-05
1.87298341678786e-05
1.74829740120618e-05
1.83360878443377e-05
1.79009815713135e-05
1.88157656140590e-05
1.84820366615368e-05
1.78228098714636e-05
1.85514219599992e-05
1.84015032835579e-05
1.78458699697049e-05
1.83741828240111e-05
1.74422623934948e-05
1.77017704070659e-05
1.83912377546942e-05
1.82448475453267e-05
1.80047154811959e-05
1.74373106579723e-05
1.84927770278961e-05
1.69009149348399e-05
1.81119439140077e-05
1.74419287252957e-05
1.75648131694137e-05
1.72551475293685e-05
1.83179639291567e-05
1.68848540767576e-05
1.75493853297871e-05
1.78311899551314e-05
1.72655783525946e-05
1.68060888866940e-05
1.76581886185448e-05
1.69896677455839e-05
1.65609269579883e-05
1.74796077266611e-05
1.69434688460505e-05
1.65124959520688e-05
1.64086558673728e-05
1.61691610840327e-05
1.57859494373038e-05
1.72606609299446e-05
1.59125488178463e-05
1.69101459694310e-05
1.66850567163098e-05
1.78213329851925e-05
1.56182177553181e-05
1.61490542976897e-05
1.65700555480526e-05
1.71750027365727e-05
1.74474991388305e-05
1.67363909893715e-05
1.66915073811788e-05
1.57267804040866e-05
1.66004387955678e-05
1.63182109542736e-05
1.63578203568965e-05
1.62881064666621e-05
1.71179297356097e-05
1.53925825572577e-05
1.67159013846490e-05
1.54729193613912e-05
1.61133109637900e-05
1.61027371061604e-05
1.45023335841407e-05
1.55030741546792e-05
1.65815028739910e-05
1.55952135998971e-05
1.58443701651905e-05
1.59055893370408e-05
1.61592369209903e-05
1.52627036195029e-05
1.51988205078605e-05
1.63476300250059e-05
1.56852905729511e-05
1.50138690309991e-05
1.52919872060565e-05
1.53148373699835e-05
1.59402328861015e-05
1.45284757850621e-05
1.40384095914473e-05
1.45368150082694e-05
1.53002576694249e-05
1.58862638963564e-05
1.48055106842728e-05
1.52671223168756e-05
1.50227135373612e-05
1.51067777530836e-05
1.55984867687439e-05
1.51973315405326e-05
1.51737382881752e-05
1.48497453819926e-05
1.46640309868359e-05
1.46131218631653e-05
1.52745033437485e-05
1.48664300986907e-05
1.43536088396250e-05
1.53959940909217e-05
1.48991545691525e-05
1.47116707986077e-05
1.51656988637598e-05
1.49642071539695e-05
1.38030825999296e-05
1.42208831401523e-05
1.46239429441117e-05
1.43274009636423e-05
1.42782930733252e-05
1.45368464760477e-05
1.45920264842315e-05
1.41139848417647e-05
1.46745948537318e-05
1.50649637335735e-05
1.36423974055415e-05
1.44969310215399e-05
1.42993947041914e-05
1.45999430735548e-05
1.44257149100994e-05
1.40424023992859e-05
1.42229998953016e-05
1.41153040372510e-05
1.40249581756790e-05
1.43315363541253e-05
1.43693659399888e-05
1.40331225511929e-05
1.40463066280669e-05
1.38514342605558e-05
1.44999954567501e-05
1.40415701775367e-05
1.39167728269246e-05
1.38657143763407e-05
1.30755886533063e-05
1.31349576090323e-05
1.34249623153211e-05
1.40399450176680e-05
1.37128790438466e-05
1.31894274113231e-05
1.34720024206476e-05
1.37364213005717e-05
1.29076588345026e-05
1.29875804222337e-05
1.29036791654551e-05
1.30457106378893e-05
1.33321951791105e-05
1.41020836853751e-05
1.37432402445235e-05
1.36056623044272e-05
1.32746196236098e-05
1.32808967597597e-05
1.37253733931817e-05
1.33386799991372e-05
1.33583201048131e-05
1.24421624678640e-05
1.32477013913868e-05
1.29999078350587e-05
1.24940464802749e-05
1.31679159394880e-05
1.34323159713055e-05
1.24850179840384e-05
1.31316127391723e-05
1.30018469428912e-05
1.24561730193707e-05
1.23453933830379e-05
1.34345458863714e-05
1.16218163082321e-05
1.19591675169126e-05
1.29008958165954e-05
1.19197533291697e-05
1.35043732950790e-05
1.24779524081118e-05
1.26243714690148e-05
1.21610366630414e-05
1.29551240582059e-05
1.29288447304283e-05
1.27539612286514e-05
1.18670498114939e-05
1.24121974534512e-05
1.27416514079001e-05
1.17439280362047e-05
1.28169206843972e-05
1.27192759085206e-05
1.17181005200864e-05
1.14391625643017e-05
1.26368381488707e-05
1.16412830480443e-05
1.21686756241516e-05
1.15709576440647e-05
1.24761443327820e-05
1.21906213124243e-05
1.25986068619758e-05
1.12174480361904e-05
1.21167871570467e-05
1.17611542729031e-05
1.21409629645951e-05
1.17860078874966e-05
1.27404177612799e-05
1.18031745285119e-05
1.17503511830874e-05
1.26398022590414e-05
1.20707270453845e-05
1.12833810598490e-05
1.13031836167036e-05
1.16212504185204e-05
1.15301700780346e-05
1.13078191082090e-05
1.12448174581551e-05
1.25297422995427e-05
1.21437294539445e-05
1.17359840095027e-05
1.14879981785484e-05
1.11355794153777e-05
1.20810196391869e-05
1.17695662146347e-05
1.11055078731737e-05
1.10962894595971e-05
1.13670679811245e-05
1.16401184534697e-05
1.12565267072805e-05
1.13754768438040e-05
1.14767739460388e-05
1.20133624526617e-05
1.07794082677994e-05
1.19516432401358e-05
1.22818962005296e-05
1.08209140238294e-05
1.12694670073364e-05
1.17702234894438e-05
1.10000668295447e-05
1.10623538373283e-05
1.04449301627030e-05
1.10906232947399e-05
1.09357090168068e-05
1.14848017196536e-05
1.04150387361985e-05
1.02973308537404e-05
1.02412832572267e-05
1.08790061382286e-05
1.10553227859048e-05
1.13991456701644e-05
1.09060141439760e-05
1.07142743370657e-05
1.04261725424886e-05
1.13468225428390e-05
1.09449017838026e-05
1.10749893406865e-05
1.04291792545082e-05
1.03427899588780e-05
1.05360454738220e-05
1.02096453897482e-05
1.03770357891192e-05
1.05633440576641e-05
9.74312276065702e-06
1.02821481594811e-05
1.01152056613636e-05
1.03020396230780e-05
1.03262398391664e-05
1.03868383092250e-05
1.04001799707040e-05
1.09130798993005e-05
1.08755015334372e-05
1.10962618451553e-05
1.05024694948936e-05
1.04874240303496e-05
9.85627047563501e-06
1.03002702356771e-05
1.06292461748948e-05
1.02450355395786e-05
1.00697726754147e-05
1.07600185782316e-05
1.05183222575635e-05
1.01137047829452e-05
1.04529093220115e-05
9.84058550620890e-06
1.04789864730417e-05
1.00616568941817e-05
1.00971720890905e-05
9.70793552866688e-06
1.03857675029615e-05
9.72203235361810e-06
9.58342477276750e-06
9.78658757323654e-06
1.01010572360951e-05
9.77667198332624e-06
9.73102941663500e-06
1.00935539738179e-05
9.00880740494844e-06
1.03168310408555e-05
9.58357966452300e-06
9.30562851306664e-06
9.52755774987415e-06
9.72826830384533e-06
1.04497280711895e-05
9.37101551333249e-06
9.94556067372586e-06
9.56100677779988e-06
9.83131109933872e-06
9.45004926674171e-06
9.32589815132535e-06
9.65712352248164e-06
9.47762386003290e-06
9.09118258415345e-06
9.48574687622041e-06
9.49413673529393e-06
9.46995182397821e-06
9.87893811095628e-06
9.21748185789092e-06
9.62227081412675e-06
9.53671908870433e-06
9.32878210213745e-06
9.28350899720236e-06
8.53174963315555e-06
8.56154764085386e-06
9.23769427600865e-06
9.20483036891222e-06
8.71882779823069e-06
9.20842202795871e-06
9.24276907979605e-06
8.16805804693657e-06
8.78316308839130e-06
9.22623139704399e-06
9.14438480904259e-06
8.31129740456262e-06
8.75506792908159e-06
9.05523830947758e-06
8.49445387799717e-06
9.38175975720297e-06
8.43217564601496e-06
9.43554033992581e-06
9.45233519325005e-06
8.91210475073202e-06
8.60876969237026e-06
8.23049919874385e-06
9.05179799620161e-06
8.94182550048681e-06
8.29394989446326e-06
8.78836329789505e-06
9.07478696748191e-06
8.26328550229973e-06
8.46352303030757e-06
7.92407377821159e-06
8.09249324532930e-06
8.77166773365694e-06
8.79392258735460e-06
8.44399321247478e-06
8.84363254482958e-06
8.58343286885259e-06
8.41618805649553e-06
8.35843854069572e-06
7.76904450515751e-06
8.34211857820322e-06
8.31461050648033e-06
8.29125986679620e-06
7.73696983643734e-06
8.79272826418929e-06
8.08524750264382e-06
7.71919250529423e-06
8.13905356145712e-06
7.65773018218346e-06
7.94595245977674e-06
7.93887915493011e-06
7.89750680273081e-06
8.00486223898756e-06
8.47073817714859e-06
7.78168568760428e-06
8.17210713720792e-06
8.40457730631170e-06
8.24415537628913e-06
8.18074252454202e-06
7.81663463448047e-06
7.86855483741772e-06
7.83986251710939e-06
7.53822429501664e-06
7.62009670783077e-06
8.02717560820386e-06
7.65991357421436e-06
7.99041298882470e-06
7.82007897976392e-06
8.00944642530213e-06
7.79592842479889e-06
7.93138476249483e-06
7.60903565575905e-06
7.84565230034850e-06
8.29696280712723e-06
8.35531915123279e-06
7.87289665067950e-06
7.49210010208007e-06
7.89608413777427e-06
7.19529562429748e-06
7.49734404507633e-06
7.26119521714882e-06
8.15298941354163e-06
7.84385015658561e-06
8.14544110340494e-06
7.74618302472360e-06
7.25426343970662e-06
7.23068231951926e-06
7.31347935863213e-06
7.67156726607558e-06
7.30019663070991e-06
7.56156555034353e-06
7.47623692839287e-06
7.26521407354603e-06
6.94516686908997e-06
6.81074990663553e-06
7.17270234822016e-06
7.17281265716428e-06
7.57080810142430e-06
7.37492640964624e-06
7.29581945880248e-06
6.98949795552978e-06
6.85725584629620e-06
7.30490351311690e-06
6.96557331796095e-06
6.82906226976708e-06
7.11806652248232e-06
6.88575795891696e-06
6.89169695106543e-06
7.10101008631179e-06
7.14869046366670e-06
6.82059334682841e-06
6.90734280984275e-06
7.37547828541284e-06
7.04272190056211e-06
6.59211150910401e-06
6.77512239578229e-06
6.80864283996305e-06
6.83988596835892e-06
6.82057063743233e-06
6.82764892886065e-06
6.63035873090623e-06
6.84123343567439e-06
7.20299959767004e-06
6.67150165905156e-06
6.47447703933863e-06
6.16958050195101e-06
6.40020104601995e-06
6.48968695912373e-06
6.72189083177809e-06
6.25077804704944e-06
6.81216797727955e-06
6.60132263581153e-06
6.53546085258315e-06
7.10475197114807e-06
6.08847348407878e-06
6.36371302309961e-06
6.46047853062176e-06
6.74072470181728e-06
6.56122607613407e-06
6.55640015557600e-06
6.34155498463629e-06
6.34759262691906e-06
6.04236959549517e-06
6.44779796530519e-06
5.86456338206365e-06
5.89581473803666e-06
6.10793864809702e-06
5.99421499813958e-06
5.92930579228543e-06
5.96019541389761e-06
6.12935434982126e-06
6.20519553600941e-06
5.71990015490092e-06
5.92666129674394e-06
6.21916541156432e-06
5.45431030654553e-06
6.12113715479424e-06
5.82320734283865e-06
5.88401864270738e-06
6.05195391138372e-06
5.64775858179843e-06
5.94728779474310e-06
5.90005025120163e-06
5.99566354721619e-06
5.78552635636793e-06
5.51733662420918e-06
5.95665127020207e-06
6.15278251964025e-06
5.85399374002462e-06
6.16001976145543e-06
5.40846966082090e-06
5.75116162467538e-06
5.80686112198814e-06
6.36869191173782e-06
6.25247986500875e-06
5.82973009286033e-06
5.97996393233261e-06
5.63371270772426e-06
5.63778981390341e-06
5.71252856409400e-06
5.72835351678994e-06
5.87098615825250e-06
5.80374195248562e-06
5.57275637825936e-06
5.84342044833422e-06
5.34081633279645e-06
5.34676064760165e-06
5.49062845325375e-06
5.18193499781817e-06
5.69076890336085e-06
5.53805215225337e-06
5.29005015592325e-06
4.94949389152734e-06
5.54080399757036e-06
5.22814044957744e-06
4.92764386728289e-06
5.31736094527546e-06
5.20254934154242e-06
5.35219109924490e-06
5.47606091516707e-06
5.13264155304668e-06
5.14823336373130e-06
5.40294433918230e-06
5.51264501552093e-06
5.35561822810277e-06
5.13782558779179e-06
4.87757135407755e-06
4.96389460421595e-06
5.73394501784322e-06
5.55040834319602e-06
4.84624697067729e-06
4.94549915954008e-06
5.06343375312343e-06
4.90282337849592e-06
5.43587254983766e-06
4.71494879568465e-06
4.98137445893418e-06
5.49387559639179e-06
4.69635702116735e-06
4.88176977377807e-06
5.16586259648756e-06
4.95909061574454e-06
4.73897640839432e-06
4.98564810888589e-06
4.84965842532097e-06
5.10985194275274e-06
4.68661657922009e-06
4.43373669759644e-06
4.67211568487790e-06
4.64019496782822e-06
4.88907741706943e-06
4.49961839521160e-06
4.80650984775057e-06
4.77095977920143e-06
5.07826374655194e-06
4.50703188950306e-06
4.40421730854589e-06
4.86186276234292e-06
4.85287528634476e-06
4.50576774483455e-06
4.47286474825514e-06
4.93775740048436e-06
4.41112641543828e-06
4.34322243577658e-06
4.58113031866604e-06
4.42013165538339e-06
4.52759091327936e-06
4.59882866885820e-06
4.67232312089282e-06
4.31712553249911e-06
4.32398539206482e-06
4.45390959766144e-06
4.13118844468437e-06
4.13997207583039e-06
4.38837545658923e-06
4.09141069132966e-06
4.29157635424031e-06
4.36265534787081e-06
4.24963429081206e-06
4.21570151892354e-06
4.27477145302341e-06
4.70167556435867e-06
4.50271240402292e-06
4.42467336223611e-06
4.27375431716492e-06
3.94278353475095e-06
4.29537657272948e-06
4.36492378181680e-06
4.29176334240212e-06
4.53674118674438e-06
4.35069975212120e-06
4.01517372947727e-06
4.32570631591804e-06
4.07119744806105e-06
4.05735183079327e-06
4.27926513932391e-06
4.03841999190130e-06
3.77488296114862e-06
4.00055594953018e-06
4.19514828363521e-06
3.96016030761779e-06
3.93296410659294e-06
4.17256036904512e-06
3.98020243378236e-06
3.90056290288592e-06
3.85536035889981e-06
4.26193894169103e-06
3.88649500232630e-06
3.64015127733053e-06
3.72256004872684e-06
3.90523998230602e-06
3.88057751598695e-06
3.98104371732519e-06
3.85198451432742e-06
3.76167615021870e-06
3.74887701139254e-06
3.86061367812398e-06
3.76570514282255e-06
3.73683211128616e-06
3.63887185032218e-06
3.94968918084345e-06
3.79676815576898e-06
3.63501683330025e-06
3.56766960313685e-06
3.40145163479594e-06
3.59946467305811e-06
3.31953639062038e-06
3.77546713544544e-06
3.60808684826570e-06
3.78043393726226e-06
3.74568344640543e-06
3.90329508383783e-06
3.49936764661245e-06
3.56672299043625e-06
3.96425707761718e-06
3.46668230789545e-06
3.67476371428181e-06
3.87459113878921e-06
3.45179983834978e-06
3.42779387982082e-06
3.36563095057632e-06
3.50365712770645e-06
3.42655836233495e-06
3.21203766569768e-06
3.61314861130702e-06
3.71915500478963e-06
3.44762636661063e-06
3.28217145242161e-06
3.26854638461889e-06
3.16813620081283e-06
3.43000043559292e-06
3.21497933291713e-06
3.38442584211981e-06
3.19732396229700e-06
3.16585317232354e-06
3.64735980053696e-06
3.32567388761724e-06
3.32949659794411e-06
3.48938817346688e-06
3.36717930746524e-06
3.31435885573262e-06
3.27006232692369e-06
3.07377978074580e-06
3.38457410583384e-06
2.89371759642306e-06
3.18295512156267e-06
3.30767409183559e-06
3.13584019111632e-06
3.26897778925358e-06
3.16586148522395e-06
3.25864772459477e-06
3.30542161159452e-06
3.17165941019884e-06
3.06094058835199e-06
3.09568184108669e-06
2.88147474456453e-06
3.08301049862912e-06
3.08082928447491e-06
3.12747383836550e-06
2.99786743003410e-06
3.15429271878088e-06
3.06805704581543e-06
2.88357362819533e-06
3.00122688393963e-06
3.24834533683629e-06
2.91400718373081e-06
3.06891930248194e-06
3.03125309674825e-06
3.10582064752119e-06
2.87033690317353e-06
2.88090445520552e-06
2.75367942499320e-06
2.77201773667251e-06
3.02911776246122e-06
3.16455591342254e-06
2.91029109804344e-06
2.97995626634712e-06
2.75104417796216e-06
2.86943690287885e-06
2.73041964257664e-06
2.91917660873916e-06
2.54079915663783e-06
2.48402201900358e-06
2.87050719316309e-06
2.64865015657535e-06
2.68885976018044e-06
2.83191343389069e-06
2.81533143980428e-06
2.68911885760465e-06
2.45423764258179e-06
2.75529643376253e-06
2.70041148085794e-06
2.56291869217948e-06
2.62607683198203e-06
2.66542202331592e-06
2.62210416887161e-06
2.71095840520505e-06
2.78767966088749e-06
2.56906645519807e-06
2.48699587110187e-06
2.57439660565441e-06
2.58071737451643e-06
2.63073774329559e-06
2.54523153498688e-06
2.44303467332848e-06
2.31518007856078e-06
2.47392972014705e-06
2.61377894869810e-06
2.49319393024485e-06
2.46774540306337e-06
2.39841374388887e-06
2.55642175136142e-06
2.61214346625957e-06
2.43072621375775e-06
2.39045948055818e-06
2.54797728791223e-06
2.21785039969294e-06
2.29668105885356e-06
2.30085355835938e-06
2.41193233791932e-06
2.32639369600976e-06
2.38010851955604e-06
2.19881492019877e-06
2.21454983864052e-06
2.50128774458041e-06
2.35229085460572e-06
2.21140674586512e-06
2.32180293398269e-06
2.42766988339899e-06
2.30668103606920e-06
2.37129255965675e-06
2.32991520692858e-06
2.30934625861875e-06
2.24225441090140e-06
2.13264245578521e-06
2.27558673077510e-06
2.31242592479258e-06
2.17820684702301e-06
2.22715647260690e-06
2.29473375496032e-06
2.20065261663966e-06
2.09755234343097e-06
2.24202606718734e-06
2.10928750061557e-06
2.22904131690690e-06
2.21303968519234e-06
2.15251953994631e-06
2.15547310419400e-06
2.07374481674451e-06
2.17790671549169e-06
2.23396734649788e-06
2.07792467596126e-06
1.98191215656925e-06
2.13673503625640e-06
1.98816845534753e-06
2.34391449614047e-06
1.80228058061545e-06
1.95811221935868e-06
2.07252155291217e-06
2.11586277420301e-06
2.03917018608281e-06
1.99589965032159e-06
2.03083657120628e-06
1.96423011819432e-06
1.86876727332049e-06
1.95398713644159e-06
2.07574911112136e-06
2.02622164360502e-06
1.88466659976193e-06
1.92254849391589e-06
2.05336960671185e-06
1.94586163381884e-06
1.93052170016923e-06
1.77571598414554e-06
1.82664683557996e-06
1.92665828656401e-06
1.92606826821796e-06
1.89910135579701e-06
1.87801782433808e-06
1.75281950468659e-06
1.83226801523309e-06
1.78390372572417e-06
1.86976403472433e-06
1.90641066793988e-06
1.77746009239280e-06
1.80764550902331e-06
1.83214944859334e-06
1.51553678419193e-06
1.75506963043844e-06
1.76839627792822e-06
1.71437357297776e-06
1.65948498426590e-06
1.62839189533949e-06
1.64367147659911e-06
1.71562506140456e-06
1.77933766608770e-06
1.68587373942850e-06
1.68525687876127e-06
1.67131976265222e-06
1.79921602263299e-06
1.68851187997475e-06
1.67436359402775e-06
1.65835057763364e-06
1.83621020050651e-06
1.65165650046894e-06
1.63450004006684e-06
1.75531635829384e-06
1.59792700716975e-06
1.62226857509477e-06
1.63321519493452e-06
1.62893901796783e-06
1.58318948892028e-06
1.67190020895241e-06
1.62443621371304e-06
1.63245278120975e-06
1.62450237659827e-06
1.59717477853773e-06
1.61474433796113e-06
1.52960422008366e-06
1.58226570247306e-06
1.58022365098195e-06
1.60127529360709e-06
1.54971466940424e-06
1.51180487081882e-06
1.51150935494270e-06
1.45028905807579e-06
1.66957546564887e-06
1.40207764893466e-06
1.48779015697126e-06
1.42465291975581e-06
1.52069771304218e-06
1.47513571722613e-06
1.59591744140864e-06
1.42394435875243e-06
1.43382986781680e-06
1.38202168047600e-06
1.52571650333365e-06
1.47072350922852e-06
1.52695116582727e-06
1.35581876082191e-06
1.43437608117673e-06
1.38301209300677e-06
1.42599831348904e-06
1.49469749142768e-06
1.40397640694749e-06
1.37954920684472e-06
1.23885999034243e-06
1.32548105188647e-06
1.39369706903818e-06
1.32601230947646e-06
1.38974499933580e-06
1.26510963816747e-06
1.32548919857550e-06
1.44647381136392e-06
1.52558656431401e-06
1.23488087946186e-06
1.41750807094231e-06
1.30014701686077e-06
1.32750293713228e-06
1.29481886682110e-06
1.27915742357052e-06
1.28160401750318e-06
1.24784628273041e-06
1.29804353675085e-06
1.32100744349397e-06
1.37058967288494e-06
1.27802186357700e-06
1.28007936139751e-06
1.32211970184524e-06
1.19323508702779e-06
1.28576359105188e-06
1.17714131228440e-06
1.27607462012572e-06
1.14244650002664e-06
1.21711752033011e-06
1.18025684739439e-06
1.15924821454705e-06
1.16783891779198e-06
1.16861211679918e-06
1.14314470841201e-06
1.11140225408935e-06
1.22738591803849e-06
1.15137442204012e-06
1.18279943990415e-06
1.23761141481437e-06
1.17704771980486e-06
1.17859776572830e-06
1.17152721711722e-06
1.17356089391480e-06
1.11345982794098e-06
1.14589658771757e-06
1.11167983754416e-06
1.10280908419670e-06
1.10159627775069e-06
1.08625483570947e-06
1.10518790353031e-06
1.10780405120764e-06
1.07129144023686e-06
1.04778801910088e-06
1.05365989576761e-06
1.03064460682585e-06
9.82615372763131e-07
1.04637009796888e-06
1.04657643745785e-06
1.03423117229480e-06
1.01606131383979e-06
1.02727082800340e-06
1.03171874921031e-06
1.01957255733571e-06
1.09077588952167e-06
1.07815650967126e-06
9.63318936873570e-07
9.86368189233275e-07
9.63074447213087e-07
9.30514689010132e-07
9.20996586813766e-07
1.05080882839598e-06
9.95437216707289e-07
9.40414322958466e-07
9.76138379655132e-07
9.11503741208360e-07
1.04214730320991e-06
9.53099871075614e-07
1.00571099734610e-06
9.32632299260810e-07
9.12971851544140e-07
9.61189804450611e-07
8.75568269751768e-07
8.84594723748541e-07
9.50132515717588e-07
9.68655666883459e-07
8.21362702546898e-07
9.12111863431464e-07
8.93082057375647e-07
9.14846825076146e-07
9.16091276885852e-07
1.03089030415055e-06
8.80508466133750e-07
9.02892581252518e-07
7.83854769236313e-07
9.14194250211858e-07
8.65176648754289e-07
8.81605141784058e-07
8.92027804697458e-07
8.95413100667861e-07
8.58807437446561e-07
8.26294227877249e-07
8.40263677421755e-07
8.54440944912031e-07
8.58254282269505e-07
8.83625659412400e-07
7.99936269568032e-07
8.38255817395291e-07
8.70291871900605e-07
8.12665007094877e-07
8.96420685255056e-07
8.57243206297239e-07
7.93368663702945e-07
8.63724984077893e-07
8.71730124769047e-07
8.53741492616794e-07
8.03327075011592e-07
7.51512773944546e-07
7.83937732862608e-07
8.30381942905305e-07
7.98351592190745e-07
8.40456348040382e-07
8.25528688778411e-07
7.85534489112686e-07
8.08393784970024e-07
8.02965484106558e-07
7.21860356823008e-07
7.56779579797376e-07
8.18975486351947e-07
8.09713635524069e-07
6.72891161548994e-07
7.42953530847035e-07
7.42168047618022e-07
8.06674176404593e-07
7.23873018566174e-07
7.37235353190830e-07
7.46297257127019e-07
7.58903617284305e-07
6.99418435498324e-07
7.39656262803995e-07
7.28799013342773e-07
7.26526180270699e-07
7.12381740350953e-07
7.12765085226671e-07
7.51355253841096e-07
7.26513592901918e-07
7.30530387197526e-07
7.06491586861933e-07
6.96015755100399e-07
6.80725491692202e-07
6.84943744619211e-07
6.65647970711531e-07
7.11731728836257e-07
6.64394952196620e-07
6.71551295762138e-07
6.78204844069557e-07
6.42067400767729e-07
6.86133992245563e-07
6.68539376618337e-07
6.84779286115611e-07
6.77313653622826e-07
6.77419058904010e-07
6.96749339890533e-07
6.23399800348513e-07
6.50692219577490e-07
6.54304658750082e-07
5.78154685887840e-07
6.33903083127565e-07
6.72535947824077e-07
6.45297956950718e-07
6.43258592237495e-07
6.36396604146410e-07
6.67298624023295e-07
6.09653084008227e-07
6.32152681610432e-07
6.14917412929676e-07
6.04889708592151e-07
6.73414245230340e-07
5.97217611874752e-07